chapter,verse,word
1,1,ΠΑΥΛΟΣ
1,1,ΑΠΟΣΤΟΛΟΣ
1,1,ΧΡΙΣΤΟΥ
1,1,ΙΗΣΟΥ
1,1,ΔΙΑ
1,1,ΘΕΛΗΜΑΤΟΣ
1,1,ΘΕΟΥ
1,1,ΚΑΙ
1,1,ΤΙΜΟΘΕΟΣ
1,1,Ο
1,1,ΑΔΕΛΦΟΣ
1,1,ΤΗΙ
1,1,ΕΚΚΛΗΣΙΑΙ
1,1,ΤΟΥ
1,1,ΘΕΟΥ
1,1,ΤΗΙ
1,1,ΟΥΣΗΙ
1,1,ΕΝ
1,1,ΚΟΡΙΝΘΩΙ
1,1,ΣΥΝ
1,1,ΤΟΙΣ
1,1,ΑΓΙΟΙΣ
1,1,ΠΑΣΙΝ
1,1,ΤΟΙΣ
1,1,ΟΥΣΙΝ
1,1,ΕΝ
1,1,ΟΛΗΙ
1,1,ΤΗΙ
1,1,ΑΧΑΙΑΙ
1,2,ΧΑΡΙΣ
1,2,ΥΜΙΝ
1,2,ΚΑΙ
1,2,ΕΙΡΗΝΗ
1,2,ΑΠΟ
1,2,ΘΕΟΥ
1,2,ΠΑΤΡΟΣ
1,2,ΗΜΩΝ
1,2,ΚΑΙ
1,2,ΚΥΡΙΟΥ
1,2,ΙΗΣΟΥ
1,2,ΧΡΙΣΤΟΥ
1,3,ΕΥΛΟΓΗΤΟΣ
1,3,Ο
1,3,ΘΕΟΣ
1,3,ΚΑΙ
1,3,ΠΑΤΗΡ
1,3,ΤΟΥ
1,3,ΚΥΡΙΟΥ
1,3,ΗΜΩΝ
1,3,ΙΗΣΟΥ
1,3,ΧΡΙΣΤΟΥ
1,3,Ο
1,3,ΠΑΤΗΡ
1,3,ΤΩΝ
1,3,ΟΙΚΤΙΡΜΩΝ
1,3,ΚΑΙ
1,3,ΘΕΟΣ
1,3,ΠΑΣΗΣ
1,3,ΠΑΡΑΚΛΗΣΕΩΣ
1,4,Ο
1,4,ΠΑΡΑΚΑΛΩΝ
1,4,ΗΜΑΣ
1,4,ΕΠΙ
1,4,ΠΑΣΗΙ
1,4,ΤΗΙ
1,4,ΘΛΙΨΕΙ
1,4,ΗΜΩΝ
1,4,ΕΙΣ
1,4,ΤΟ
1,4,ΔΥΝΑΣΘΑΙ
1,4,ΗΜΑΣ
1,4,ΠΑΡΑΚΑΛΕΙΝ
1,4,ΤΟΥΣ
1,4,ΕΝ
1,4,ΠΑΣΗΙ
1,4,ΘΛΙΨΕΙ
1,4,ΔΙΑ
1,4,ΤΗΣ
1,4,ΠΑΡΑΚΛΗΣΕΩΣ
1,4,ΗΣ
1,4,ΠΑΡΑΚΑΛΟΥΜΕΘΑ
1,4,ΑΥΤΟΙ
1,4,ΥΠΟ
1,4,ΤΟΥ
1,4,ΘΕΟΥ
1,5,ΟΤΙ
1,5,ΚΑΘΩΣ
1,5,ΠΕΡΙΣΣΕΥΕΙ
1,5,ΤΑ
1,5,ΠΑΘΗΜΑΤΑ
1,5,ΤΟΥ
1,5,ΧΡΙΣΤΟΥ
1,5,ΕΙΣ
1,5,ΗΜΑΣ
1,5,ΟΥΤΩΣ
1,5,ΔΙΑ
1,5,ΤΟΥ
1,5,ΧΡΙΣΤΟΥ
1,5,ΠΕΡΙΣΣΕΥΕΙ
1,5,ΚΑΙ
1,5,Η
1,5,ΠΑΡΑΚΛΗΣΙΣ
1,5,ΗΜΩΝ
1,6,ΕΙΤΕ
1,6,ΔΕ
1,6,ΘΛΙΒΟΜΕΘΑ
1,6,ΥΠΕΡ
1,6,ΤΗΣ
1,6,ΥΜΩΝ
1,6,ΠΑΡΑΚΛΗΣΕΩΣ
1,6,ΚΑΙ
1,6,ΣΩΤΗΡΙΑΣ
1,6,ΕΙΤΕ
1,6,ΠΑΡΑΚΑΛΟΥΜΕΘΑ
1,6,ΥΠΕΡ
1,6,ΤΗΣ
1,6,ΥΜΩΝ
1,6,ΠΑΡΑΚΛΗΣΕΩΣ
1,6,ΤΗΣ
1,6,ΕΝΕΡΓΟΥΜΕΝΗΣ
1,6,ΕΝ
1,6,ΥΠΟΜΟΝΗΙ
1,6,ΤΩΝ
1,6,ΑΥΤΩΝ
1,6,ΠΑΘΗΜΑΤΩΝ
1,6,ΩΝ
1,6,ΚΑΙ
1,6,ΗΜΕΙΣ
1,6,ΠΑΣΧΟΜΕΝ
1,7,ΚΑΙ
1,7,Η
1,7,ΕΛΠΙΣ
1,7,ΗΜΩΝ
1,7,ΒΕΒΑΙΑ
1,7,ΥΠΕΡ
1,7,ΥΜΩΝ
1,7,ΕΙΔΟΤΕΣ
1,7,ΟΤΙ
1,7,ΩΣ
1,7,ΚΟΙΝΩΝΟΙ
1,7,ΕΣΤΕ
1,7,ΤΩΝ
1,7,ΠΑΘΗΜΑΤΩΝ
1,7,ΟΥΤΩΣ
1,7,ΚΑΙ
1,7,ΤΗΣ
1,7,ΠΑΡΑΚΛΗΣΕΩΣ
1,8,ΟΥ
1,8,ΓΑΡ
1,8,ΘΕΛΟΜΕΝ
1,8,ΥΜΑΣ
1,8,ΑΓΝΟΕΙΝ
1,8,ΑΔΕΛΦΟΙ
1,8,ΥΠΕΡ
1,8,ΤΗΣ
1,8,ΘΛΙΨΕΩΣ
1,8,ΗΜΩΝ
1,8,ΤΗΣ
1,8,ΓΕΝΟΜΕΝΗΣ
1,8,ΕΝ
1,8,ΤΗΙ
1,8,ΑΣΙΑΙ
1,8,ΟΤΙ
1,8,ΚΑΤΑ
1,8,ΥΠΕΡΒΟΛΗΝ
1,8,ΥΠΕΡ
1,8,ΔΥΝΑΜΙΝ
1,8,ΕΒΑΡΗΘΗΜΕΝ
1,8,ΩΣΤΕ
1,8,ΕΞΑΠΟΡΗΘΗΝΑΙ
1,8,ΗΜΑΣ
1,8,ΚΑΙ
1,8,ΤΟΥ
1,8,ΖΗΝ
1,9,ΑΛΛΑ
1,9,ΑΥΤΟΙ
1,9,ΕΝ
1,9,ΕΑΥΤΟΙΣ
1,9,ΤΟ
1,9,ΑΠΟΚΡΙΜΑ
1,9,ΤΟΥ
1,9,ΘΑΝΑΤΟΥ
1,9,ΕΣΧΗΚΑΜΕΝ
1,9,ΙΝΑ
1,9,ΜΗ
1,9,ΠΕΠΟΙΘΟΤΕΣ
1,9,ΩΜΕΝ
1,9,ΕΠΙ
1,9,ΕΑΥΤΟΙΣ
1,9,ΑΛΛΑ
1,9,ΕΠΙ
1,9,ΤΩΙ
1,9,ΘΕΩΙ
1,9,ΤΩΙ
1,9,ΕΓΕΙΡΟΝΤΙ
1,9,ΤΟΥΣ
1,9,ΝΕΚΡΟΥΣ
1,10,ΟΣ
1,10,ΕΚ
1,10,ΤΗΛΙΚΟΥΤΟΥ
1,10,ΘΑΝΑΤΟΥ
1,10,ΕΡΡΥΣΑΤΟ
1,10,ΗΜΑΣ
1,10,ΚΑΙ
1,10,ΡΥΣΕΤΑΙ
1,10,ΕΙΣ
1,10,ΟΝ
1,10,ΗΛΠΙΚΑΜΕΝ
1,10,ΟΤΙ
1,10,ΚΑΙ
1,10,ΕΤΙ
1,10,ΡΥΣΕΤΑΙ
1,11,ΣΥΝΥΠΟΥΡΓΟΥΝΤΩΝ
1,11,ΚΑΙ
1,11,ΥΜΩΝ
1,11,ΥΠΕΡ
1,11,ΗΜΩΝ
1,11,ΤΗΙ
1,11,ΔΕΗΣΕΙ
1,11,ΙΝΑ
1,11,ΕΚ
1,11,ΠΟΛΛΩΝ
1,11,ΠΡΟΣΩΠΩΝ
1,11,ΤΟ
1,11,ΕΙΣ
1,11,ΗΜΑΣ
1,11,ΧΑΡΙΣΜΑ
1,11,ΔΙΑ
1,11,ΠΟΛΛΩΝ
1,11,ΕΥΧΑΡΙΣΤΗΘΗΙ
1,11,ΥΠΕΡ
1,11,ΗΜΩΝ
1,12,Η
1,12,ΓΑΡ
1,12,ΚΑΥΧΗΣΙΣ
1,12,ΗΜΩΝ
1,12,ΑΥΤΗ
1,12,ΕΣΤΙΝ
1,12,ΤΟ
1,12,ΜΑΡΤΥΡΙΟΝ
1,12,ΤΗΣ
1,12,ΣΥΝΕΙΔΗΣΕΩΣ
1,12,ΗΜΩΝ
1,12,ΟΤΙ
1,12,ΕΝ
1,12,ΑΓΙΟΤΗΤΙ
1,12,ΚΑΙ
1,12,ΕΙΛΙΚΡΙΝΕΙΑΙ
1,12,ΤΟΥ
1,12,ΘΕΟΥ
1,12,ΚΑΙ
1,12,ΟΥΚ
1,12,ΕΝ
1,12,ΣΟΦΙΑΙ
1,12,ΣΑΡΚΙΚΗΙ
1,12,ΑΛΛΑ
1,12,ΕΝ
1,12,ΧΑΡΙΤΙ
1,12,ΘΕΟΥ
1,12,ΑΝΕΣΤΡΑΦΗΜΕΝ
1,12,ΕΝ
1,12,ΤΩΙ
1,12,ΚΟΣΜΩΙ
1,12,ΠΕΡΙΣΣΟΤΕΡΩΣ
1,12,ΔΕ
1,12,ΠΡΟΣ
1,12,ΥΜΑΣ
1,13,ΟΥ
1,13,ΓΑΡ
1,13,ΑΛΛΑ
1,13,ΓΡΑΦΟΜΕΝ
1,13,ΥΜΙΝ
1,13,ΑΛΛΑ
1,13,Η
1,13,Α
1,13,ΑΝΑΓΙΝΩΣΚΕΤΕ
1,13,Η
1,13,ΚΑΙ
1,13,ΕΠΙΓΙΝΩΣΚΕΤΕ
1,13,ΕΛΠΙΖΩ
1,13,ΔΕ
1,13,ΟΤΙ
1,13,ΕΩΣ
1,13,ΤΕΛΟΥΣ
1,13,ΕΠΙΓΝΩΣΕΣΘΕ
1,14,ΚΑΘΩΣ
1,14,ΚΑΙ
1,14,ΕΠΕΓΝΩΤΕ
1,14,ΗΜΑΣ
1,14,ΑΠΟ
1,14,ΜΕΡΟΥΣ
1,14,ΟΤΙ
1,14,ΚΑΥΧΗΜΑ
1,14,ΥΜΩΝ
1,14,ΕΣΜΕΝ
1,14,ΚΑΘΑΠΕΡ
1,14,ΚΑΙ
1,14,ΥΜΕΙΣ
1,14,ΗΜΩΝ
1,14,ΕΝ
1,14,ΤΗΙ
1,14,ΗΜΕΡΑΙ
1,14,ΤΟΥ
1,14,ΚΥΡΙΟΥ
1,14,ΗΜΩΝ
1,14,ΙΗΣΟΥ
1,15,ΚΑΙ
1,15,ΤΑΥΤΗΙ
1,15,ΤΗΙ
1,15,ΠΕΠΟΙΘΗΣΕΙ
1,15,ΕΒΟΥΛΟΜΗΝ
1,15,ΠΡΟΤΕΡΟΝ
1,15,ΠΡΟΣ
1,15,ΥΜΑΣ
1,15,ΕΛΘΕΙΝ
1,15,ΙΝΑ
1,15,ΔΕΥΤΕΡΑΝ
1,15,ΧΑΡΙΝ
1,15,ΣΧΗΤΕ
1,16,ΚΑΙ
1,16,ΔΙΑ
1,16,ΥΜΩΝ
1,16,ΔΙΕΛΘΕΙΝ
1,16,ΕΙΣ
1,16,ΜΑΚΕΔΟΝΙΑΝ
1,16,ΚΑΙ
1,16,ΠΑΛΙΝ
1,16,ΑΠΟ
1,16,ΜΑΚΕΔΟΝΙΑΣ
1,16,ΕΛΘΕΙΝ
1,16,ΠΡΟΣ
1,16,ΥΜΑΣ
1,16,ΚΑΙ
1,16,ΥΠΟ
1,16,ΥΜΩΝ
1,16,ΠΡΟΠΕΜΦΘΗΝΑΙ
1,16,ΕΙΣ
1,16,ΤΗΝ
1,16,ΙΟΥΔΑΙΑΝ
1,17,ΤΟΥΤΟ
1,17,ΟΥΝ
1,17,ΒΟΥΛΟΜΕΝΟΣ
1,17,ΜΗΤΙ
1,17,ΑΡΑ
1,17,ΤΗΙ
1,17,ΕΛΑΦΡΙΑΙ
1,17,ΕΧΡΗΣΑΜΗΝ
1,17,Η
1,17,Α
1,17,ΒΟΥΛΕΥΟΜΑΙ
1,17,ΚΑΤΑ
1,17,ΣΑΡΚΑ
1,17,ΒΟΥΛΕΥΟΜΑΙ
1,17,ΙΝΑ
1,17,ΗΙ
1,17,ΠΑΡΑ
1,17,ΕΜΟΙ
1,17,ΤΟ
1,17,ΝΑΙ
1,17,ΝΑΙ
1,17,ΚΑΙ
1,17,ΤΟ
1,17,ΟΥ
1,17,ΟΥ
1,18,ΠΙΣΤΟΣ
1,18,ΔΕ
1,18,Ο
1,18,ΘΕΟΣ
1,18,ΟΤΙ
1,18,Ο
1,18,ΛΟΓΟΣ
1,18,ΗΜΩΝ
1,18,Ο
1,18,ΠΡΟΣ
1,18,ΥΜΑΣ
1,18,ΟΥΚ
1,18,ΕΣΤΙΝ
1,18,ΝΑΙ
1,18,ΚΑΙ
1,18,ΟΥ
1,19,Ο
1,19,ΤΟΥ
1,19,ΘΕΟΥ
1,19,ΓΑΡ
1,19,ΥΙΟΣ
1,19,ΙΗΣΟΥΣ
1,19,ΧΡΙΣΤΟΣ
1,19,Ο
1,19,ΕΝ
1,19,ΥΜΙΝ
1,19,ΔΙΑ
1,19,ΗΜΩΝ
1,19,ΚΗΡΥΧΘΕΙΣ
1,19,ΔΙΑ
1,19,ΕΜΟΥ
1,19,ΚΑΙ
1,19,ΣΙΛΟΥΑΝΟΥ
1,19,ΚΑΙ
1,19,ΤΙΜΟΘΕΟΥ
1,19,ΟΥΚ
1,19,ΕΓΕΝΕΤΟ
1,19,ΝΑΙ
1,19,ΚΑΙ
1,19,ΟΥ
1,19,ΑΛΛΑ
1,19,ΝΑΙ
1,19,ΕΝ
1,19,ΑΥΤΩΙ
1,19,ΓΕΓΟΝΕΝ
1,20,ΟΣΑΙ
1,20,ΓΑΡ
1,20,ΕΠΑΓΓΕΛΙΑΙ
1,20,ΘΕΟΥ
1,20,ΕΝ
1,20,ΑΥΤΩΙ
1,20,ΤΟ
1,20,ΝΑΙ
1,20,ΔΙΟ
1,20,ΚΑΙ
1,20,ΔΙΑ
1,20,ΑΥΤΟΥ
1,20,ΤΟ
1,20,ΑΜΗΝ
1,20,ΤΩΙ
1,20,ΘΕΩΙ
1,20,ΠΡΟΣ
1,20,ΔΟΞΑΝ
1,20,ΔΙΑ
1,20,ΗΜΩΝ
1,21,Ο
1,21,ΔΕ
1,21,ΒΕΒΑΙΩΝ
1,21,ΗΜΑΣ
1,21,ΣΥΝ
1,21,ΥΜΙΝ
1,21,ΕΙΣ
1,21,ΧΡΙΣΤΟΝ
1,21,ΚΑΙ
1,21,ΧΡΙΣΑΣ
1,21,ΗΜΑΣ
1,21,ΘΕΟΣ
1,22,Ο
1,22,ΚΑΙ
1,22,ΣΦΡΑΓΙΣΑΜΕΝΟΣ
1,22,ΗΜΑΣ
1,22,ΚΑΙ
1,22,ΔΟΥΣ
1,22,ΤΟΝ
1,22,ΑΡΡΑΒΩΝΑ
1,22,ΤΟΥ
1,22,ΠΝΕΥΜΑΤΟΣ
1,22,ΕΝ
1,22,ΤΑΙΣ
1,22,ΚΑΡΔΙΑΙΣ
1,22,ΗΜΩΝ
1,23,ΕΓΩ
1,23,ΔΕ
1,23,ΜΑΡΤΥΡΑ
1,23,ΤΟΝ
1,23,ΘΕΟΝ
1,23,ΕΠΙΚΑΛΟΥΜΑΙ
1,23,ΕΠΙ
1,23,ΤΗΝ
1,23,ΕΜΗΝ
1,23,ΨΥΧΗΝ
1,23,ΟΤΙ
1,23,ΦΕΙΔΟΜΕΝΟΣ
1,23,ΥΜΩΝ
1,23,ΟΥΚΕΤΙ
1,23,ΗΛΘΟΝ
1,23,ΕΙΣ
1,23,ΚΟΡΙΝΘΟΝ
1,24,ΟΥΧ
1,24,ΟΤΙ
1,24,ΚΥΡΙΕΥΟΜΕΝ
1,24,ΥΜΩΝ
1,24,ΤΗΣ
1,24,ΠΙΣΤΕΩΣ
1,24,ΑΛΛΑ
1,24,ΣΥΝΕΡΓΟΙ
1,24,ΕΣΜΕΝ
1,24,ΤΗΣ
1,24,ΧΑΡΑΣ
1,24,ΥΜΩΝ
1,24,ΤΗΙ
1,24,ΓΑΡ
1,24,ΠΙΣΤΕΙ
1,24,ΕΣΤΗΚΑΤΕ
2,1,ΕΚΡΙΝΑ
2,1,ΓΑΡ
2,1,ΕΜΑΥΤΩΙ
2,1,ΤΟΥΤΟ
2,1,ΤΟ
2,1,ΜΗ
2,1,ΠΑΛΙΝ
2,1,ΕΝ
2,1,ΛΥΠΗΙ
2,1,ΠΡΟΣ
2,1,ΥΜΑΣ
2,1,ΕΛΘΕΙΝ
2,2,ΕΙ
2,2,ΓΑΡ
2,2,ΕΓΩ
2,2,ΛΥΠΩ
2,2,ΥΜΑΣ
2,2,ΚΑΙ
2,2,ΤΙΣ
2,2,Ο
2,2,ΕΥΦΡΑΙΝΩΝ
2,2,ΜΕ
2,2,ΕΙ
2,2,ΜΗ
2,2,Ο
2,2,ΛΥΠΟΥΜΕΝΟΣ
2,2,ΕΞ
2,2,ΕΜΟΥ
2,3,ΚΑΙ
2,3,ΕΓΡΑΨΑ
2,3,ΤΟΥΤΟ
2,3,ΑΥΤΟ
2,3,ΙΝΑ
2,3,ΜΗ
2,3,ΕΛΘΩΝ
2,3,ΛΥΠΗΝ
2,3,ΣΧΩ
2,3,ΑΠΟ
2,3,ΩΝ
2,3,ΕΔΕΙ
2,3,ΜΕ
2,3,ΧΑΙΡΕΙΝ
2,3,ΠΕΠΟΙΘΩΣ
2,3,ΕΠΙ
2,3,ΠΑΝΤΑΣ
2,3,ΥΜΑΣ
2,3,ΟΤΙ
2,3,Η
2,3,ΕΜΗ
2,3,ΧΑΡΑ
2,3,ΠΑΝΤΩΝ
2,3,ΥΜΩΝ
2,3,ΕΣΤΙΝ
2,4,ΕΚ
2,4,ΓΑΡ
2,4,ΠΟΛΛΗΣ
2,4,ΘΛΙΨΕΩΣ
2,4,ΚΑΙ
2,4,ΣΥΝΟΧΗΣ
2,4,ΚΑΡΔΙΑΣ
2,4,ΕΓΡΑΨΑ
2,4,ΥΜΙΝ
2,4,ΔΙΑ
2,4,ΠΟΛΛΩΝ
2,4,ΔΑΚΡΥΩΝ
2,4,ΟΥΧ
2,4,ΙΝΑ
2,4,ΛΥΠΗΘΗΤΕ
2,4,ΑΛΛΑ
2,4,ΤΗΝ
2,4,ΑΓΑΠΗΝ
2,4,ΙΝΑ
2,4,ΓΝΩΤΕ
2,4,ΗΝ
2,4,ΕΧΩ
2,4,ΠΕΡΙΣΣΟΤΕΡΩΣ
2,4,ΕΙΣ
2,4,ΥΜΑΣ
2,5,ΕΙ
2,5,ΔΕ
2,5,ΤΙΣ
2,5,ΛΕΛΥΠΗΚΕΝ
2,5,ΟΥΚ
2,5,ΕΜΕ
2,5,ΛΕΛΥΠΗΚΕΝ
2,5,ΑΛΛΑ
2,5,ΑΠΟ
2,5,ΜΕΡΟΥΣ
2,5,ΙΝΑ
2,5,ΜΗ
2,5,ΕΠΙΒΑΡΩ
2,5,ΠΑΝΤΑΣ
2,5,ΥΜΑΣ
2,6,ΙΚΑΝΟΝ
2,6,ΤΩΙ
2,6,ΤΟΙΟΥΤΩΙ
2,6,Η
2,6,ΕΠΙΤΙΜΙΑ
2,6,ΑΥΤΗ
2,6,Η
2,6,ΥΠΟ
2,6,ΤΩΝ
2,6,ΠΛΕΙΟΝΩΝ
2,7,ΩΣΤΕ
2,7,ΤΟΥΝΑΝΤΙΟΝ
2,7,ΜΑΛΛΟΝ
2,7,ΥΜΑΣ
2,7,ΧΑΡΙΣΑΣΘΑΙ
2,7,ΚΑΙ
2,7,ΠΑΡΑΚΑΛΕΣΑΙ
2,7,ΜΗ
2,7,ΠΩΣ
2,7,ΤΗΙ
2,7,ΠΕΡΙΣΣΟΤΕΡΑΙ
2,7,ΛΥΠΗΙ
2,7,ΚΑΤΑΠΟΘΗΙ
2,7,Ο
2,7,ΤΟΙΟΥΤΟΣ
2,8,ΔΙΟ
2,8,ΠΑΡΑΚΑΛΩ
2,8,ΥΜΑΣ
2,8,ΚΥΡΩΣΑΙ
2,8,ΕΙΣ
2,8,ΑΥΤΟΝ
2,8,ΑΓΑΠΗΝ
2,9,ΕΙΣ
2,9,ΤΟΥΤΟ
2,9,ΓΑΡ
2,9,ΚΑΙ
2,9,ΕΓΡΑΨΑ
2,9,ΙΝΑ
2,9,ΓΝΩ
2,9,ΤΗΝ
2,9,ΔΟΚΙΜΗΝ
2,9,ΥΜΩΝ
2,9,ΕΙ
2,9,ΕΙΣ
2,9,ΠΑΝΤΑ
2,9,ΥΠΗΚΟΟΙ
2,9,ΕΣΤΕ
2,10,ΩΙ
2,10,ΔΕ
2,10,ΤΙ
2,10,ΧΑΡΙΖΕΣΘΕ
2,10,ΚΑΓΩ
2,10,ΚΑΙ
2,10,ΓΑΡ
2,10,ΕΓΩ
2,10,Ο
2,10,ΚΕΧΑΡΙΣΜΑΙ
2,10,ΕΙ
2,10,ΤΙ
2,10,ΚΕΧΑΡΙΣΜΑΙ
2,10,ΔΙΑ
2,10,ΥΜΑΣ
2,10,ΕΝ
2,10,ΠΡΟΣΩΠΩΙ
2,10,ΧΡΙΣΤΟΥ
2,11,ΙΝΑ
2,11,ΜΗ
2,11,ΠΛΕΟΝΕΚΤΗΘΩΜΕΝ
2,11,ΥΠΟ
2,11,ΤΟΥ
2,11,ΣΑΤΑΝΑ
2,11,ΟΥ
2,11,ΓΑΡ
2,11,ΑΥΤΟΥ
2,11,ΤΑ
2,11,ΝΟΗΜΑΤΑ
2,11,ΑΓΝΟΟΥΜΕΝ
2,12,ΕΛΘΩΝ
2,12,ΔΕ
2,12,ΕΙΣ
2,12,ΤΗΝ
2,12,ΤΡΩΙΑΔΑ
2,12,ΕΙΣ
2,12,ΤΟ
2,12,ΕΥΑΓΓΕΛΙΟΝ
2,12,ΤΟΥ
2,12,ΧΡΙΣΤΟΥ
2,12,ΚΑΙ
2,12,ΘΥΡΑΣ
2,12,ΜΟΙ
2,12,ΑΝΕΩΙΓΜΕΝΗΣ
2,12,ΕΝ
2,12,ΚΥΡΙΩΙ
2,13,ΟΥΚ
2,13,ΕΣΧΗΚΑ
2,13,ΑΝΕΣΙΝ
2,13,ΤΩΙ
2,13,ΠΝΕΥΜΑΤΙ
2,13,ΜΟΥ
2,13,ΤΩΙ
2,13,ΜΗ
2,13,ΕΥΡΕΙΝ
2,13,ΜΕ
2,13,ΤΙΤΟΝ
2,13,ΤΟΝ
2,13,ΑΔΕΛΦΟΝ
2,13,ΜΟΥ
2,13,ΑΛΛΑ
2,13,ΑΠΟΤΑΞΑΜΕΝΟΣ
2,13,ΑΥΤΟΙΣ
2,13,ΕΞΗΛΘΟΝ
2,13,ΕΙΣ
2,13,ΜΑΚΕΔΟΝΙΑΝ
2,14,ΤΩΙ
2,14,ΔΕ
2,14,ΘΕΩΙ
2,14,ΧΑΡΙΣ
2,14,ΤΩΙ
2,14,ΠΑΝΤΟΤΕ
2,14,ΘΡΙΑΜΒΕΥΟΝΤΙ
2,14,ΗΜΑΣ
2,14,ΕΝ
2,14,ΤΩΙ
2,14,ΧΡΙΣΤΩΙ
2,14,ΚΑΙ
2,14,ΤΗΝ
2,14,ΟΣΜΗΝ
2,14,ΤΗΣ
2,14,ΓΝΩΣΕΩΣ
2,14,ΑΥΤΟΥ
2,14,ΦΑΝΕΡΟΥΝΤΙ
2,14,ΔΙΑ
2,14,ΗΜΩΝ
2,14,ΕΝ
2,14,ΠΑΝΤΙ
2,14,ΤΟΠΩΙ
2,15,ΟΤΙ
2,15,ΧΡΙΣΤΟΥ
2,15,ΕΥΩΔΙΑ
2,15,ΕΣΜΕΝ
2,15,ΤΩΙ
2,15,ΘΕΩΙ
2,15,ΕΝ
2,15,ΤΟΙΣ
2,15,ΣΩΙΖΟΜΕΝΟΙΣ
2,15,ΚΑΙ
2,15,ΕΝ
2,15,ΤΟΙΣ
2,15,ΑΠΟΛΛΥΜΕΝΟΙΣ
2,16,ΟΙΣ
2,16,ΜΕΝ
2,16,ΟΣΜΗ
2,16,ΕΚ
2,16,ΘΑΝΑΤΟΥ
2,16,ΕΙΣ
2,16,ΘΑΝΑΤΟΝ
2,16,ΟΙΣ
2,16,ΔΕ
2,16,ΟΣΜΗ
2,16,ΕΚ
2,16,ΖΩΗΣ
2,16,ΕΙΣ
2,16,ΖΩΗΝ
2,16,ΚΑΙ
2,16,ΠΡΟΣ
2,16,ΤΑΥΤΑ
2,16,ΤΙΣ
2,16,ΙΚΑΝΟΣ
2,17,ΟΥ
2,17,ΓΑΡ
2,17,ΕΣΜΕΝ
2,17,ΩΣ
2,17,ΟΙ
2,17,ΠΟΛΛΟΙ
2,17,ΚΑΠΗΛΕΥΟΝΤΕΣ
2,17,ΤΟΝ
2,17,ΛΟΓΟΝ
2,17,ΤΟΥ
2,17,ΘΕΟΥ
2,17,ΑΛΛΑ
2,17,ΩΣ
2,17,ΕΞ
2,17,ΕΙΛΙΚΡΙΝΕΙΑΣ
2,17,ΑΛΛΑ
2,17,ΩΣ
2,17,ΕΚ
2,17,ΘΕΟΥ
2,17,ΚΑΤΕΝΑΝΤΙ
2,17,ΘΕΟΥ
2,17,ΕΝ
2,17,ΧΡΙΣΤΩΙ
2,17,ΛΑΛΟΥΜΕΝ
3,1,ΑΡΧΟΜΕΘΑ
3,1,ΠΑΛΙΝ
3,1,ΕΑΥΤΟΥΣ
3,1,ΣΥΝΙΣΤΑΝΕΙΝ
3,1,Η
3,1,ΜΗ
3,1,ΧΡΗΙΖΟΜΕΝ
3,1,ΩΣ
3,1,ΤΙΝΕΣ
3,1,ΣΥΣΤΑΤΙΚΩΝ
3,1,ΕΠΙΣΤΟΛΩΝ
3,1,ΠΡΟΣ
3,1,ΥΜΑΣ
3,1,Η
3,1,ΕΞ
3,1,ΥΜΩΝ
3,2,Η
3,2,ΕΠΙΣΤΟΛΗ
3,2,ΗΜΩΝ
3,2,ΥΜΕΙΣ
3,2,ΕΣΤΕ
3,2,ΕΝΓΕΓΡΑΜΜΕΝΗ
3,2,ΕΝ
3,2,ΤΑΙΣ
3,2,ΚΑΡΔΙΑΙΣ
3,2,ΗΜΩΝ
3,2,ΓΙΝΩΣΚΟΜΕΝΗ
3,2,ΚΑΙ
3,2,ΑΝΑΓΙΝΩΣΚΟΜΕΝΗ
3,2,ΥΠΟ
3,2,ΠΑΝΤΩΝ
3,2,ΑΝΘΡΩΠΩΝ
3,3,ΦΑΝΕΡΟΥΜΕΝΟΙ
3,3,ΟΤΙ
3,3,ΕΣΤΕ
3,3,ΕΠΙΣΤΟΛΗ
3,3,ΧΡΙΣΤΟΥ
3,3,ΔΙΑΚΟΝΗΘΕΙΣΑ
3,3,ΥΠΟ
3,3,ΗΜΩΝ
3,3,ΕΝΓΕΓΡΑΜΜΕΝΗ
3,3,ΟΥ
3,3,ΜΕΛΑΝΙ
3,3,ΑΛΛΑ
3,3,ΠΝΕΥΜΑΤΙ
3,3,ΘΕΟΥ
3,3,ΖΩΝΤΟΣ
3,3,ΟΥΚ
3,3,ΕΝ
3,3,ΠΛΑΞΙΝ
3,3,ΛΙΘΙΝΑΙΣ
3,3,ΑΛΛΑ
3,3,ΕΝ
3,3,ΠΛΑΞΙΝ
3,3,ΚΑΡΔΙΑΙΣ
3,3,ΣΑΡΚΙΝΑΙΣ
3,4,ΠΕΠΟΙΘΗΣΙΝ
3,4,ΔΕ
3,4,ΤΟΙΑΥΤΗΝ
3,4,ΕΧΟΜΕΝ
3,4,ΔΙΑ
3,4,ΤΟΥ
3,4,ΧΡΙΣΤΟΥ
3,4,ΠΡΟΣ
3,4,ΤΟΝ
3,4,ΘΕΟΝ
3,5,ΟΥΧ
3,5,ΟΤΙ
3,5,ΑΠΟ
3,5,ΕΑΥΤΩΝ
3,5,ΙΚΑΝΟΙ
3,5,ΕΣΜΕΝ
3,5,ΛΟΓΙΣΑΣΘΑΙ
3,5,ΤΙ
3,5,ΩΣ
3,5,ΕΞ
3,5,ΕΑΥΤΩΝ
3,5,ΑΛΛΑ
3,5,Η
3,5,ΙΚΑΝΟΤΗΣ
3,5,ΗΜΩΝ
3,5,ΕΚ
3,5,ΤΟΥ
3,5,ΘΕΟΥ
3,6,ΟΣ
3,6,ΚΑΙ
3,6,ΙΚΑΝΩΣΕΝ
3,6,ΗΜΑΣ
3,6,ΔΙΑΚΟΝΟΥΣ
3,6,ΚΑΙΝΗΣ
3,6,ΔΙΑΘΗΚΗΣ
3,6,ΟΥ
3,6,ΓΡΑΜΜΑΤΟΣ
3,6,ΑΛΛΑ
3,6,ΠΝΕΥΜΑΤΟΣ
3,6,ΤΟ
3,6,ΓΑΡ
3,6,ΓΡΑΜΜΑ
3,6,ΑΠΟΚΤΕΝΝΕΙ
3,6,ΤΟ
3,6,ΔΕ
3,6,ΠΝΕΥΜΑ
3,6,ΖΩΙΟΠΟΙΕΙ
3,7,ΕΙ
3,7,ΔΕ
3,7,Η
3,7,ΔΙΑΚΟΝΙΑ
3,7,ΤΟΥ
3,7,ΘΑΝΑΤΟΥ
3,7,ΕΝ
3,7,ΓΡΑΜΜΑΣΙΝ
3,7,ΕΝΤΕΤΥΠΩΜΕΝΗ
3,7,ΛΙΘΟΙΣ
3,7,ΕΓΕΝΗΘΗ
3,7,ΕΝ
3,7,ΔΟΞΗΙ
3,7,ΩΣΤΕ
3,7,ΜΗ
3,7,ΔΥΝΑΣΘΑΙ
3,7,ΑΤΕΝΙΣΑΙ
3,7,ΤΟΥΣ
3,7,ΥΙΟΥΣ
3,7,ΙΣΡΑΗΛ
3,7,ΕΙΣ
3,7,ΤΟ
3,7,ΠΡΟΣΩΠΟΝ
3,7,ΜΩΥΣΕΩΣ
3,7,ΔΙΑ
3,7,ΤΗΝ
3,7,ΔΟΞΑΝ
3,7,ΤΟΥ
3,7,ΠΡΟΣΩΠΟΥ
3,7,ΑΥΤΟΥ
3,7,ΤΗΝ
3,7,ΚΑΤΑΡΓΟΥΜΕΝΗΝ
3,8,ΠΩΣ
3,8,ΟΥΧΙ
3,8,ΜΑΛΛΟΝ
3,8,Η
3,8,ΔΙΑΚΟΝΙΑ
3,8,ΤΟΥ
3,8,ΠΝΕΥΜΑΤΟΣ
3,8,ΕΣΤΑΙ
3,8,ΕΝ
3,8,ΔΟΞΗΙ
3,9,ΕΙ
3,9,ΓΑΡ
3,9,ΤΗΙ
3,9,ΔΙΑΚΟΝΙΑΙ
3,9,ΤΗΣ
3,9,ΚΑΤΑΚΡΙΣΕΩΣ
3,9,ΔΟΞΑ
3,9,ΠΟΛΛΩΙ
3,9,ΜΑΛΛΟΝ
3,9,ΠΕΡΙΣΣΕΥΕΙ
3,9,Η
3,9,ΔΙΑΚΟΝΙΑ
3,9,ΤΗΣ
3,9,ΔΙΚΑΙΟΣΥΝΗΣ
3,9,ΔΟΞΗΙ
3,10,ΚΑΙ
3,10,ΓΑΡ
3,10,ΟΥ
3,10,ΔΕΔΟΞΑΣΤΑΙ
3,10,ΤΟ
3,10,ΔΕΔΟΞΑΣΜΕΝΟΝ
3,10,ΕΝ
3,10,ΤΟΥΤΩΙ
3,10,ΤΩΙ
3,10,ΜΕΡΕΙ
3,10,ΕΙΝΕΚΕΝ
3,10,ΤΗΣ
3,10,ΥΠΕΡΒΑΛΛΟΥΣΗΣ
3,10,ΔΟΞΗΣ
3,11,ΕΙ
3,11,ΓΑΡ
3,11,ΤΟ
3,11,ΚΑΤΑΡΓΟΥΜΕΝΟΝ
3,11,ΔΙΑ
3,11,ΔΟΞΗΣ
3,11,ΠΟΛΛΩΙ
3,11,ΜΑΛΛΟΝ
3,11,ΤΟ
3,11,ΜΕΝΟΝ
3,11,ΕΝ
3,11,ΔΟΞΗΙ
3,12,ΕΧΟΝΤΕΣ
3,12,ΟΥΝ
3,12,ΤΟΙΑΥΤΗΝ
3,12,ΕΛΠΙΔΑ
3,12,ΠΟΛΛΗΙ
3,12,ΠΑΡΡΗΣΙΑΙ
3,12,ΧΡΩΜΕΘΑ
3,13,ΚΑΙ
3,13,ΟΥ
3,13,ΚΑΘΑΠΕΡ
3,13,ΜΩΥΣΗΣ
3,13,ΕΤΙΘΕΙ
3,13,ΚΑΛΥΜΜΑ
3,13,ΕΠΙ
3,13,ΤΟ
3,13,ΠΡΟΣΩΠΟΝ
3,13,ΑΥΤΟΥ
3,13,ΠΡΟΣ
3,13,ΤΟ
3,13,ΜΗ
3,13,ΑΤΕΝΙΣΑΙ
3,13,ΤΟΥΣ
3,13,ΥΙΟΥΣ
3,13,ΙΣΡΑΗΛ
3,13,ΕΙΣ
3,13,ΤΟ
3,13,ΤΕΛΟΣ
3,13,ΤΟΥ
3,13,ΚΑΤΑΡΓΟΥΜΕΝΟΥ
3,14,ΑΛΛΑ
3,14,ΕΠΩΡΩΘΗ
3,14,ΤΑ
3,14,ΝΟΗΜΑΤΑ
3,14,ΑΥΤΩΝ
3,14,ΑΧΡΙ
3,14,ΓΑΡ
3,14,ΤΗΣ
3,14,ΣΗΜΕΡΟΝ
3,14,ΗΜΕΡΑΣ
3,14,ΤΟ
3,14,ΑΥΤΟ
3,14,ΚΑΛΥΜΜΑ
3,14,ΕΠΙ
3,14,ΤΗΙ
3,14,ΑΝΑΓΝΩΣΕΙ
3,14,ΤΗΣ
3,14,ΠΑΛΑΙΑΣ
3,14,ΔΙΑΘΗΚΗΣ
3,14,ΜΕΝΕΙ
3,14,ΜΗ
3,14,ΑΝΑΚΑΛΥΠΤΟΜΕΝΟΝ
3,14,ΟΤΙ
3,14,ΕΝ
3,14,ΧΡΙΣΤΩΙ
3,14,ΚΑΤΑΡΓΕΙΤΑΙ
3,15,ΑΛΛΑ
3,15,ΕΩΣ
3,15,ΣΗΜΕΡΟΝ
3,15,ΗΝΙΚΑ
3,15,ΑΝ
3,15,ΑΝΑΓΙΝΩΣΚΗΤΑΙ
3,15,ΜΩΥΣΗΣ
3,15,ΚΑΛΥΜΜΑ
3,15,ΕΠΙ
3,15,ΤΗΝ
3,15,ΚΑΡΔΙΑΝ
3,15,ΑΥΤΩΝ
3,15,ΚΕΙΤΑΙ
3,16,ΗΝΙΚΑ
3,16,ΔΕ
3,16,ΕΑΝ
3,16,ΕΠΙΣΤΡΕΨΗΙ
3,16,ΠΡΟΣ
3,16,ΚΥΡΙΟΝ
3,16,ΠΕΡΙΑΙΡΕΙΤΑΙ
3,16,ΤΟ
3,16,ΚΑΛΥΜΜΑ
3,17,Ο
3,17,ΔΕ
3,17,ΚΥΡΙΟΣ
3,17,ΤΟ
3,17,ΠΝΕΥΜΑ
3,17,ΕΣΤΙΝ
3,17,ΟΥ
3,17,ΔΕ
3,17,ΤΟ
3,17,ΠΝΕΥΜΑ
3,17,ΚΥΡΙΟΥ
3,17,ΕΛΕΥΘΕΡΙΑ
3,18,ΗΜΕΙΣ
3,18,ΔΕ
3,18,ΠΑΝΤΕΣ
3,18,ΑΝΑΚΕΚΑΛΥΜΜΕΝΩΙ
3,18,ΠΡΟΣΩΠΩΙ
3,18,ΤΗΝ
3,18,ΔΟΞΑΝ
3,18,ΚΥΡΙΟΥ
3,18,ΚΑΤΟΠΤΡΙΖΟΜΕΝΟΙ
3,18,ΤΗΝ
3,18,ΑΥΤΗΝ
3,18,ΕΙΚΟΝΑ
3,18,ΜΕΤΑΜΟΡΦΟΥΜΕΘΑ
3,18,ΑΠΟ
3,18,ΔΟΞΗΣ
3,18,ΕΙΣ
3,18,ΔΟΞΑΝ
3,18,ΚΑΘΑΠΕΡ
3,18,ΑΠΟ
3,18,ΚΥΡΙΟΥ
3,18,ΠΝΕΥΜΑΤΟΣ
4,1,ΔΙΑ
4,1,ΤΟΥΤΟ
4,1,ΕΧΟΝΤΕΣ
4,1,ΤΗΝ
4,1,ΔΙΑΚΟΝΙΑΝ
4,1,ΤΑΥΤΗΝ
4,1,ΚΑΘΩΣ
4,1,ΗΛΕΗΘΗΜΕΝ
4,1,ΟΥΚ
4,1,ΕΝΚΑΚΟΥΜΕΝ
4,2,ΑΛΛΑ
4,2,ΑΠΕΙΠΑΜΕΘΑ
4,2,ΤΑ
4,2,ΚΡΥΠΤΑ
4,2,ΤΗΣ
4,2,ΑΙΣΧΥΝΗΣ
4,2,ΜΗ
4,2,ΠΕΡΙΠΑΤΟΥΝΤΕΣ
4,2,ΕΝ
4,2,ΠΑΝΟΥΡΓΙΑΙ
4,2,ΜΗΔΕ
4,2,ΔΟΛΟΥΝΤΕΣ
4,2,ΤΟΝ
4,2,ΛΟΓΟΝ
4,2,ΤΟΥ
4,2,ΘΕΟΥ
4,2,ΑΛΛΑ
4,2,ΤΗΙ
4,2,ΦΑΝΕΡΩΣΕΙ
4,2,ΤΗΣ
4,2,ΑΛΗΘΕΙΑΣ
4,2,ΣΥΝΙΣΤΑΝΟΝΤΕΣ
4,2,ΕΑΥΤΟΥΣ
4,2,ΠΡΟΣ
4,2,ΠΑΣΑΝ
4,2,ΣΥΝΕΙΔΗΣΙΝ
4,2,ΑΝΘΡΩΠΩΝ
4,2,ΕΝΩΠΙΟΝ
4,2,ΤΟΥ
4,2,ΘΕΟΥ
4,3,ΕΙ
4,3,ΔΕ
4,3,ΚΑΙ
4,3,ΕΣΤΙΝ
4,3,ΚΕΚΑΛΥΜΜΕΝΟΝ
4,3,ΤΟ
4,3,ΕΥΑΓΓΕΛΙΟΝ
4,3,ΗΜΩΝ
4,3,ΕΝ
4,3,ΤΟΙΣ
4,3,ΑΠΟΛΛΥΜΕΝΟΙΣ
4,3,ΕΣΤΙΝ
4,3,ΚΕΚΑΛΥΜΜΕΝΟΝ
4,4,ΕΝ
4,4,ΟΙΣ
4,4,Ο
4,4,ΘΕΟΣ
4,4,ΤΟΥ
4,4,ΑΙΩΝΟΣ
4,4,ΤΟΥΤΟΥ
4,4,ΕΤΥΦΛΩΣΕΝ
4,4,ΤΑ
4,4,ΝΟΗΜΑΤΑ
4,4,ΤΩΝ
4,4,ΑΠΙΣΤΩΝ
4,4,ΕΙΣ
4,4,ΤΟ
4,4,ΜΗ
4,4,ΑΥΓΑΣΑΙ
4,4,ΤΟΝ
4,4,ΦΩΤΙΣΜΟΝ
4,4,ΤΟΥ
4,4,ΕΥΑΓΓΕΛΙΟΥ
4,4,ΤΗΣ
4,4,ΔΟΞΗΣ
4,4,ΤΟΥ
4,4,ΧΡΙΣΤΟΥ
4,4,ΟΣ
4,4,ΕΣΤΙΝ
4,4,ΕΙΚΩΝ
4,4,ΤΟΥ
4,4,ΘΕΟΥ
4,5,ΟΥ
4,5,ΓΑΡ
4,5,ΕΑΥΤΟΥΣ
4,5,ΚΗΡΥΣΣΟΜΕΝ
4,5,ΑΛΛΑ
4,5,ΙΗΣΟΥΝ
4,5,ΧΡΙΣΤΟΝ
4,5,ΚΥΡΙΟΝ
4,5,ΕΑΥΤΟΥΣ
4,5,ΔΕ
4,5,ΔΟΥΛΟΥΣ
4,5,ΥΜΩΝ
4,5,ΔΙΑ
4,5,ΙΗΣΟΥΝ
4,6,ΟΤΙ
4,6,Ο
4,6,ΘΕΟΣ
4,6,Ο
4,6,ΕΙΠΩΝ
4,6,ΕΚ
4,6,ΣΚΟΤΟΥΣ
4,6,ΦΩΣ
4,6,ΛΑΜΨΕΙ
4,6,ΟΣ
4,6,ΕΛΑΜΨΕΝ
4,6,ΕΝ
4,6,ΤΑΙΣ
4,6,ΚΑΡΔΙΑΙΣ
4,6,ΗΜΩΝ
4,6,ΠΡΟΣ
4,6,ΦΩΤΙΣΜΟΝ
4,6,ΤΗΣ
4,6,ΓΝΩΣΕΩΣ
4,6,ΤΗΣ
4,6,ΔΟΞΗΣ
4,6,ΤΟΥ
4,6,ΘΕΟΥ
4,6,ΕΝ
4,6,ΠΡΟΣΩΠΩΙ
4,6,ΙΗΣΟΥ
4,6,ΧΡΙΣΤΟΥ
4,7,ΕΧΟΜΕΝ
4,7,ΔΕ
4,7,ΤΟΝ
4,7,ΘΗΣΑΥΡΟΝ
4,7,ΤΟΥΤΟΝ
4,7,ΕΝ
4,7,ΟΣΤΡΑΚΙΝΟΙΣ
4,7,ΣΚΕΥΕΣΙΝ
4,7,ΙΝΑ
4,7,Η
4,7,ΥΠΕΡΒΟΛΗ
4,7,ΤΗΣ
4,7,ΔΥΝΑΜΕΩΣ
4,7,ΗΙ
4,7,ΤΟΥ
4,7,ΘΕΟΥ
4,7,ΚΑΙ
4,7,ΜΗ
4,7,ΕΞ
4,7,ΗΜΩΝ
4,8,ΕΝ
4,8,ΠΑΝΤΙ
4,8,ΘΛΙΒΟΜΕΝΟΙ
4,8,ΑΛΛΑ
4,8,ΟΥ
4,8,ΣΤΕΝΟΧΩΡΟΥΜΕΝΟΙ
4,8,ΑΠΟΡΟΥΜΕΝΟΙ
4,8,ΑΛΛΑ
4,8,ΟΥΚ
4,8,ΕΞΑΠΟΡΟΥΜΕΝΟΙ
4,9,ΔΙΩΚΟΜΕΝΟΙ
4,9,ΑΛΛΑ
4,9,ΟΥΚ
4,9,ΕΝΚΑΤΑΛΕΙΠΟΜΕΝΟΙ
4,9,ΚΑΤΑΒΑΛΛΟΜΕΝΟΙ
4,9,ΑΛΛΑ
4,9,ΟΥΚ
4,9,ΑΠΟΛΛΥΜΕΝΟΙ
4,10,ΠΑΝΤΟΤΕ
4,10,ΤΗΝ
4,10,ΝΕΚΡΩΣΙΝ
4,10,ΤΟΥ
4,10,ΙΗΣΟΥ
4,10,ΕΝ
4,10,ΤΩΙ
4,10,ΣΩΜΑΤΙ
4,10,ΠΕΡΙΦΕΡΟΝΤΕΣ
4,10,ΙΝΑ
4,10,ΚΑΙ
4,10,Η
4,10,ΖΩΗ
4,10,ΤΟΥ
4,10,ΙΗΣΟΥ
4,10,ΕΝ
4,10,ΤΩΙ
4,10,ΣΩΜΑΤΙ
4,10,ΗΜΩΝ
4,10,ΦΑΝΕΡΩΘΗΙ
4,11,ΑΕΙ
4,11,ΓΑΡ
4,11,ΗΜΕΙΣ
4,11,ΟΙ
4,11,ΖΩΝΤΕΣ
4,11,ΕΙΣ
4,11,ΘΑΝΑΤΟΝ
4,11,ΠΑΡΑΔΙΔΟΜΕΘΑ
4,11,ΔΙΑ
4,11,ΙΗΣΟΥΝ
4,11,ΙΝΑ
4,11,ΚΑΙ
4,11,Η
4,11,ΖΩΗ
4,11,ΤΟΥ
4,11,ΙΗΣΟΥ
4,11,ΦΑΝΕΡΩΘΗΙ
4,11,ΕΝ
4,11,ΤΗΙ
4,11,ΘΝΗΤΗΙ
4,11,ΣΑΡΚΙ
4,11,ΗΜΩΝ
4,12,ΩΣΤΕ
4,12,Ο
4,12,ΘΑΝΑΤΟΣ
4,12,ΕΝ
4,12,ΗΜΙΝ
4,12,ΕΝΕΡΓΕΙΤΑΙ
4,12,Η
4,12,ΔΕ
4,12,ΖΩΗ
4,12,ΕΝ
4,12,ΥΜΙΝ
4,13,ΕΧΟΝΤΕΣ
4,13,ΔΕ
4,13,ΤΟ
4,13,ΑΥΤΟ
4,13,ΠΝΕΥΜΑ
4,13,ΤΗΣ
4,13,ΠΙΣΤΕΩΣ
4,13,ΚΑΤΑ
4,13,ΤΟ
4,13,ΓΕΓΡΑΜΜΕΝΟΝ
4,13,ΕΠΙΣΤΕΥΣΑ
4,13,ΔΙΟ
4,13,ΕΛΑΛΗΣΑ
4,13,ΚΑΙ
4,13,ΗΜΕΙΣ
4,13,ΠΙΣΤΕΥΟΜΕΝ
4,13,ΔΙΟ
4,13,ΚΑΙ
4,13,ΛΑΛΟΥΜΕΝ
4,14,ΕΙΔΟΤΕΣ
4,14,ΟΤΙ
4,14,Ο
4,14,ΕΓΕΙΡΑΣ
4,14,ΤΟΝ
4,14,ΙΗΣΟΥΝ
4,14,ΚΑΙ
4,14,ΗΜΑΣ
4,14,ΣΥΝ
4,14,ΙΗΣΟΥ
4,14,ΕΓΕΡΕΙ
4,14,ΚΑΙ
4,14,ΠΑΡΑΣΤΗΣΕΙ
4,14,ΣΥΝ
4,14,ΥΜΙΝ
4,15,ΤΑ
4,15,ΓΑΡ
4,15,ΠΑΝΤΑ
4,15,ΔΙΑ
4,15,ΥΜΑΣ
4,15,ΙΝΑ
4,15,Η
4,15,ΧΑΡΙΣ
4,15,ΠΛΕΟΝΑΣΑΣΑ
4,15,ΔΙΑ
4,15,ΤΩΝ
4,15,ΠΛΕΙΟΝΩΝ
4,15,ΤΗΝ
4,15,ΕΥΧΑΡΙΣΤΙΑΝ
4,15,ΠΕΡΙΣΣΕΥΣΗΙ
4,15,ΕΙΣ
4,15,ΤΗΝ
4,15,ΔΟΞΑΝ
4,15,ΤΟΥ
4,15,ΘΕΟΥ
4,16,ΔΙΟ
4,16,ΟΥΚ
4,16,ΕΝΚΑΚΟΥΜΕΝ
4,16,ΑΛΛΑ
4,16,ΕΙ
4,16,ΚΑΙ
4,16,Ο
4,16,ΕΞΩ
4,16,ΗΜΩΝ
4,16,ΑΝΘΡΩΠΟΣ
4,16,ΔΙΑΦΘΕΙΡΕΤΑΙ
4,16,ΑΛΛΑ
4,16,Ο
4,16,ΕΣΩ
4,16,ΗΜΩΝ
4,16,ΑΝΑΚΑΙΝΟΥΤΑΙ
4,16,ΗΜΕΡΑΙ
4,16,ΚΑΙ
4,16,ΗΜΕΡΑΙ
4,17,ΤΟ
4,17,ΓΑΡ
4,17,ΠΑΡΑΥΤΙΚΑ
4,17,ΕΛΑΦΡΟΝ
4,17,ΤΗΣ
4,17,ΘΛΙΨΕΩΣ
4,17,ΗΜΩΝ
4,17,ΚΑΤΑ
4,17,ΥΠΕΡΒΟΛΗΝ
4,17,ΕΙΣ
4,17,ΥΠΕΡΒΟΛΗΝ
4,17,ΑΙΩΝΙΟΝ
4,17,ΒΑΡΟΣ
4,17,ΔΟΞΗΣ
4,17,ΚΑΤΕΡΓΑΖΕΤΑΙ
4,17,ΗΜΙΝ
4,18,ΜΗ
4,18,ΣΚΟΠΟΥΝΤΩΝ
4,18,ΗΜΩΝ
4,18,ΤΑ
4,18,ΒΛΕΠΟΜΕΝΑ
4,18,ΑΛΛΑ
4,18,ΤΑ
4,18,ΜΗ
4,18,ΒΛΕΠΟΜΕΝΑ
4,18,ΤΑ
4,18,ΓΑΡ
4,18,ΒΛΕΠΟΜΕΝΑ
4,18,ΠΡΟΣΚΑΙΡΑ
4,18,ΤΑ
4,18,ΔΕ
4,18,ΜΗ
4,18,ΒΛΕΠΟΜΕΝΑ
4,18,ΑΙΩΝΙΑ
5,1,ΟΙΔΑΜΕΝ
5,1,ΓΑΡ
5,1,ΟΤΙ
5,1,ΕΑΝ
5,1,Η
5,1,ΕΠΙΓΕΙΟΣ
5,1,ΗΜΩΝ
5,1,ΟΙΚΙΑ
5,1,ΤΟΥ
5,1,ΣΚΗΝΟΥΣ
5,1,ΚΑΤΑΛΥΘΗΙ
5,1,ΟΙΚΟΔΟΜΗΝ
5,1,ΕΚ
5,1,ΘΕΟΥ
5,1,ΕΧΟΜΕΝ
5,1,ΟΙΚΙΑΝ
5,1,ΑΧΕΙΡΟΠΟΙΗΤΟΝ
5,1,ΑΙΩΝΙΟΝ
5,1,ΕΝ
5,1,ΤΟΙΣ
5,1,ΟΥΡΑΝΟΙΣ
5,2,ΚΑΙ
5,2,ΓΑΡ
5,2,ΕΝ
5,2,ΤΟΥΤΩΙ
5,2,ΣΤΕΝΑΖΟΜΕΝ
5,2,ΤΟ
5,2,ΟΙΚΗΤΗΡΙΟΝ
5,2,ΗΜΩΝ
5,2,ΤΟ
5,2,ΕΞ
5,2,ΟΥΡΑΝΟΥ
5,2,ΕΠΕΝΔΥΣΑΣΘΑΙ
5,2,ΕΠΙΠΟΘΟΥΝΤΕΣ
5,3,ΕΙ
5,3,ΓΕ
5,3,ΚΑΙ
5,3,ΕΝΔΥΣΑΜΕΝΟΙ
5,3,ΟΥ
5,3,ΓΥΜΝΟΙ
5,3,ΕΥΡΕΘΗΣΟΜΕΘΑ
5,4,ΚΑΙ
5,4,ΓΑΡ
5,4,ΟΙ
5,4,ΟΝΤΕΣ
5,4,ΕΝ
5,4,ΤΩΙ
5,4,ΣΚΗΝΕΙ
5,4,ΣΤΕΝΑΖΟΜΕΝ
5,4,ΒΑΡΟΥΜΕΝΟΙ
5,4,ΕΠΙ
5,4,ΩΙ
5,4,ΟΥ
5,4,ΘΕΛΟΜΕΝ
5,4,ΕΚΔΥΣΑΣΘΑΙ
5,4,ΑΛΛΑ
5,4,ΕΠΕΝΔΥΣΑΣΘΑΙ
5,4,ΙΝΑ
5,4,ΚΑΤΑΠΟΘΗΙ
5,4,ΤΟ
5,4,ΘΝΗΤΟΝ
5,4,ΥΠΟ
5,4,ΤΗΣ
5,4,ΖΩΗΣ
5,5,Ο
5,5,ΔΕ
5,5,ΚΑΤΕΡΓΑΣΑΜΕΝΟΣ
5,5,ΗΜΑΣ
5,5,ΕΙΣ
5,5,ΑΥΤΟ
5,5,ΤΟΥΤΟ
5,5,ΘΕΟΣ
5,5,Ο
5,5,ΔΟΥΣ
5,5,ΗΜΙΝ
5,5,ΤΟΝ
5,5,ΑΡΡΑΒΩΝΑ
5,5,ΤΟΥ
5,5,ΠΝΕΥΜΑΤΟΣ
5,6,ΘΑΡΡΟΥΝΤΕΣ
5,6,ΟΥΝ
5,6,ΠΑΝΤΟΤΕ
5,6,ΚΑΙ
5,6,ΕΙΔΟΤΕΣ
5,6,ΟΤΙ
5,6,ΕΝΔΗΜΟΥΝΤΕΣ
5,6,ΕΝ
5,6,ΤΩΙ
5,6,ΣΩΜΑΤΙ
5,6,ΕΚΔΗΜΟΥΜΕΝ
5,6,ΑΠΟ
5,6,ΤΟΥ
5,6,ΚΥΡΙΟΥ
5,7,ΔΙΑ
5,7,ΠΙΣΤΕΩΣ
5,7,ΓΑΡ
5,7,ΠΕΡΙΠΑΤΟΥΜΕΝ
5,7,ΟΥ
5,7,ΔΙΑ
5,7,ΕΙΔΟΥΣ
5,8,ΘΑΡΡΟΥΜΕΝ
5,8,ΔΕ
5,8,ΚΑΙ
5,8,ΕΥΔΟΚΟΥΜΕΝ
5,8,ΜΑΛΛΟΝ
5,8,ΕΚΔΗΜΗΣΑΙ
5,8,ΕΚ
5,8,ΤΟΥ
5,8,ΣΩΜΑΤΟΣ
5,8,ΚΑΙ
5,8,ΕΝΔΗΜΗΣΑΙ
5,8,ΠΡΟΣ
5,8,ΤΟΝ
5,8,ΚΥΡΙΟΝ
5,9,ΔΙΟ
5,9,ΚΑΙ
5,9,ΦΙΛΟΤΙΜΟΥΜΕΘΑ
5,9,ΕΙΤΕ
5,9,ΕΝΔΗΜΟΥΝΤΕΣ
5,9,ΕΙΤΕ
5,9,ΕΚΔΗΜΟΥΝΤΕΣ
5,9,ΕΥΑΡΕΣΤΟΙ
5,9,ΑΥΤΩΙ
5,9,ΕΙΝΑΙ
5,10,ΤΟΥΣ
5,10,ΓΑΡ
5,10,ΠΑΝΤΑΣ
5,10,ΗΜΑΣ
5,10,ΦΑΝΕΡΩΘΗΝΑΙ
5,10,ΔΕΙ
5,10,ΕΜΠΡΟΣΘΕΝ
5,10,ΤΟΥ
5,10,ΒΗΜΑΤΟΣ
5,10,ΤΟΥ
5,10,ΧΡΙΣΤΟΥ
5,10,ΙΝΑ
5,10,ΚΟΜΙΣΗΤΑΙ
5,10,ΕΚΑΣΤΟΣ
5,10,ΤΑ
5,10,ΔΙΑ
5,10,ΤΟΥ
5,10,ΣΩΜΑΤΟΣ
5,10,ΠΡΟΣ
5,10,Α
5,10,ΕΠΡΑΞΕΝ
5,10,ΕΙΤΕ
5,10,ΑΓΑΘΟΝ
5,10,ΕΙΤΕ
5,10,ΚΑΚΟΝ
5,11,ΕΙΔΟΤΕΣ
5,11,ΟΥΝ
5,11,ΤΟΝ
5,11,ΦΟΒΟΝ
5,11,ΤΟΥ
5,11,ΚΥΡΙΟΥ
5,11,ΑΝΘΡΩΠΟΥΣ
5,11,ΠΕΙΘΟΜΕΝ
5,11,ΘΕΩΙ
5,11,ΔΕ
5,11,ΠΕΦΑΝΕΡΩΜΕΘΑ
5,11,ΕΛΠΙΖΩ
5,11,ΔΕ
5,11,ΚΑΙ
5,11,ΕΝ
5,11,ΤΑΙΣ
5,11,ΣΥΝΕΙΔΗΣΕΣΙΝ
5,11,ΥΜΩΝ
5,11,ΠΕΦΑΝΕΡΩΣΘΑΙ
5,12,ΟΥ
5,12,ΠΑΛΙΝ
5,12,ΕΑΥΤΟΥΣ
5,12,ΣΥΝΙΣΤΑΝΟΜΕΝ
5,12,ΥΜΙΝ
5,12,ΑΛΛΑ
5,12,ΑΦΟΡΜΗΝ
5,12,ΔΙΔΟΝΤΕΣ
5,12,ΥΜΙΝ
5,12,ΚΑΥΧΗΜΑΤΟΣ
5,12,ΥΠΕΡ
5,12,ΗΜΩΝ
5,12,ΙΝΑ
5,12,ΕΧΗΤΕ
5,12,ΠΡΟΣ
5,12,ΤΟΥΣ
5,12,ΕΝ
5,12,ΠΡΟΣΩΠΩΙ
5,12,ΚΑΥΧΩΜΕΝΟΥΣ
5,12,ΚΑΙ
5,12,ΜΗ
5,12,ΕΝ
5,12,ΚΑΡΔΙΑΙ
5,13,ΕΙΤΕ
5,13,ΓΑΡ
5,13,ΕΞΕΣΤΗΜΕΝ
5,13,ΘΕΩΙ
5,13,ΕΙΤΕ
5,13,ΣΩΦΡΟΝΟΥΜΕΝ
5,13,ΥΜΙΝ
5,14,Η
5,14,ΓΑΡ
5,14,ΑΓΑΠΗ
5,14,ΤΟΥ
5,14,ΧΡΙΣΤΟΥ
5,14,ΣΥΝΕΧΕΙ
5,14,ΗΜΑΣ
5,14,ΚΡΙΝΑΝΤΑΣ
5,14,ΤΟΥΤΟ
5,14,ΟΤΙ
5,14,ΕΙΣ
5,14,ΥΠΕΡ
5,14,ΠΑΝΤΩΝ
5,14,ΑΠΕΘΑΝΕΝ
5,14,ΑΡΑ
5,14,ΟΙ
5,14,ΠΑΝΤΕΣ
5,14,ΑΠΕΘΑΝΟΝ
5,15,ΚΑΙ
5,15,ΥΠΕΡ
5,15,ΠΑΝΤΩΝ
5,15,ΑΠΕΘΑΝΕΝ
5,15,ΙΝΑ
5,15,ΟΙ
5,15,ΖΩΝΤΕΣ
5,15,ΜΗΚΕΤΙ
5,15,ΕΑΥΤΟΙΣ
5,15,ΖΩΣΙΝ
5,15,ΑΛΛΑ
5,15,ΤΩΙ
5,15,ΥΠΕΡ
5,15,ΑΥΤΩΝ
5,15,ΑΠΟΘΑΝΟΝΤΙ
5,15,ΚΑΙ
5,15,ΕΓΕΡΘΕΝΤΙ
5,16,ΩΣΤΕ
5,16,ΗΜΕΙΣ
5,16,ΑΠΟ
5,16,ΤΟΥ
5,16,ΝΥΝ
5,16,ΟΥΔΕΝΑ
5,16,ΟΙΔΑΜΕΝ
5,16,ΚΑΤΑ
5,16,ΣΑΡΚΑ
5,16,ΕΙ
5,16,ΚΑΙ
5,16,ΕΓΝΩΚΑΜΕΝ
5,16,ΚΑΤΑ
5,16,ΣΑΡΚΑ
5,16,ΧΡΙΣΤΟΝ
5,16,ΑΛΛΑ
5,16,ΝΥΝ
5,16,ΟΥΚΕΤΙ
5,16,ΓΙΝΩΣΚΟΜΕΝ
5,17,ΩΣΤΕ
5,17,ΕΙ
5,17,ΤΙΣ
5,17,ΕΝ
5,17,ΧΡΙΣΤΩΙ
5,17,ΚΑΙΝΗ
5,17,ΚΤΙΣΙΣ
5,17,ΤΑ
5,17,ΑΡΧΑΙΑ
5,17,ΠΑΡΗΛΘΕΝ
5,17,ΙΔΟΥ
5,17,ΓΕΓΟΝΕΝ
5,17,ΚΑΙΝΑ
5,18,ΤΑ
5,18,ΔΕ
5,18,ΠΑΝΤΑ
5,18,ΕΚ
5,18,ΤΟΥ
5,18,ΘΕΟΥ
5,18,ΤΟΥ
5,18,ΚΑΤΑΛΛΑΞΑΝΤΟΣ
5,18,ΗΜΑΣ
5,18,ΕΑΥΤΩΙ
5,18,ΔΙΑ
5,18,ΧΡΙΣΤΟΥ
5,18,ΚΑΙ
5,18,ΔΟΝΤΟΣ
5,18,ΗΜΙΝ
5,18,ΤΗΝ
5,18,ΔΙΑΚΟΝΙΑΝ
5,18,ΤΗΣ
5,18,ΚΑΤΑΛΛΑΓΗΣ
5,19,ΩΣ
5,19,ΟΤΙ
5,19,ΘΕΟΣ
5,19,ΗΝ
5,19,ΕΝ
5,19,ΧΡΙΣΤΩΙ
5,19,ΚΟΣΜΟΝ
5,19,ΚΑΤΑΛΛΑΣΣΩΝ
5,19,ΕΑΥΤΩΙ
5,19,ΜΗ
5,19,ΛΟΓΙΖΟΜΕΝΟΣ
5,19,ΑΥΤΟΙΣ
5,19,ΤΑ
5,19,ΠΑΡΑΠΤΩΜΑΤΑ
5,19,ΑΥΤΩΝ
5,19,ΚΑΙ
5,19,ΘΕΜΕΝΟΣ
5,19,ΕΝ
5,19,ΗΜΙΝ
5,19,ΤΟΝ
5,19,ΛΟΓΟΝ
5,19,ΤΗΣ
5,19,ΚΑΤΑΛΛΑΓΗΣ
5,20,ΥΠΕΡ
5,20,ΧΡΙΣΤΟΥ
5,20,ΟΥΝ
5,20,ΠΡΕΣΒΕΥΟΜΕΝ
5,20,ΩΣ
5,20,ΤΟΥ
5,20,ΘΕΟΥ
5,20,ΠΑΡΑΚΑΛΟΥΝΤΟΣ
5,20,ΔΙΑ
5,20,ΗΜΩΝ
5,20,ΔΕΟΜΕΘΑ
5,20,ΥΠΕΡ
5,20,ΧΡΙΣΤΟΥ
5,20,ΚΑΤΑΛΛΑΓΗΤΕ
5,20,ΤΩΙ
5,20,ΘΕΩΙ
5,21,ΤΟΝ
5,21,ΜΗ
5,21,ΓΝΟΝΤΑ
5,21,ΑΜΑΡΤΙΑΝ
5,21,ΥΠΕΡ
5,21,ΗΜΩΝ
5,21,ΑΜΑΡΤΙΑΝ
5,21,ΕΠΟΙΗΣΕΝ
5,21,ΙΝΑ
5,21,ΗΜΕΙΣ
5,21,ΓΕΝΩΜΕΘΑ
5,21,ΔΙΚΑΙΟΣΥΝΗ
5,21,ΘΕΟΥ
5,21,ΕΝ
5,21,ΑΥΤΩΙ
6,1,ΣΥΝΕΡΓΟΥΝΤΕΣ
6,1,ΔΕ
6,1,ΚΑΙ
6,1,ΠΑΡΑΚΑΛΟΥΜΕΝ
6,1,ΜΗ
6,1,ΕΙΣ
6,1,ΚΕΝΟΝ
6,1,ΤΗΝ
6,1,ΧΑΡΙΝ
6,1,ΤΟΥ
6,1,ΘΕΟΥ
6,1,ΔΕΞΑΣΘΑΙ
6,1,ΥΜΑΣ
6,2,ΛΕΓΕΙ
6,2,ΓΑΡ
6,2,ΚΑΙΡΩΙ
6,2,ΔΕΚΤΩΙ
6,2,ΕΠΗΚΟΥΣΑ
6,2,ΣΟΥ
6,2,ΚΑΙ
6,2,ΕΝ
6,2,ΗΜΕΡΑΙ
6,2,ΣΩΤΗΡΙΑΣ
6,2,ΕΒΟΗΘΗΣΑ
6,2,ΣΟΙ
6,2,ΙΔΟΥ
6,2,ΝΥΝ
6,2,ΚΑΙΡΟΣ
6,2,ΕΥΠΡΟΣΔΕΚΤΟΣ
6,2,ΙΔΟΥ
6,2,ΝΥΝ
6,2,ΗΜΕΡΑ
6,2,ΣΩΤΗΡΙΑΣ
6,3,ΜΗΔΕΜΙΑΝ
6,3,ΕΝ
6,3,ΜΗΔΕΝΙ
6,3,ΔΙΔΟΝΤΕΣ
6,3,ΠΡΟΣΚΟΠΗΝ
6,3,ΙΝΑ
6,3,ΜΗ
6,3,ΜΩΜΗΘΗΙ
6,3,Η
6,3,ΔΙΑΚΟΝΙΑ
6,4,ΑΛΛΑ
6,4,ΕΝ
6,4,ΠΑΝΤΙ
6,4,ΣΥΝΙΣΤΑΝΤΕΣ
6,4,ΕΑΥΤΟΥΣ
6,4,ΩΣ
6,4,ΘΕΟΥ
6,4,ΔΙΑΚΟΝΟΙ
6,4,ΕΝ
6,4,ΥΠΟΜΟΝΗΙ
6,4,ΠΟΛΛΗΙ
6,4,ΕΝ
6,4,ΘΛΙΨΕΣΙΝ
6,4,ΕΝ
6,4,ΑΝΑΓΚΑΙΣ
6,4,ΕΝ
6,4,ΣΤΕΝΟΧΩΡΙΑΙΣ
6,5,ΕΝ
6,5,ΠΛΗΓΑΙΣ
6,5,ΕΝ
6,5,ΦΥΛΑΚΑΙΣ
6,5,ΕΝ
6,5,ΑΚΑΤΑΣΤΑΣΙΑΙΣ
6,5,ΕΝ
6,5,ΚΟΠΟΙΣ
6,5,ΕΝ
6,5,ΑΓΡΥΠΝΙΑΙΣ
6,5,ΕΝ
6,5,ΝΗΣΤΕΙΑΙΣ
6,6,ΕΝ
6,6,ΑΓΝΟΤΗΤΙ
6,6,ΕΝ
6,6,ΓΝΩΣΕΙ
6,6,ΕΝ
6,6,ΜΑΚΡΟΘΥΜΙΑΙ
6,6,ΕΝ
6,6,ΧΡΗΣΤΟΤΗΤΙ
6,6,ΕΝ
6,6,ΠΝΕΥΜΑΤΙ
6,6,ΑΓΙΩΙ
6,6,ΕΝ
6,6,ΑΓΑΠΗΙ
6,6,ΑΝΥΠΟΚΡΙΤΩΙ
6,7,ΕΝ
6,7,ΛΟΓΩΙ
6,7,ΑΛΗΘΕΙΑΣ
6,7,ΕΝ
6,7,ΔΥΝΑΜΕΙ
6,7,ΘΕΟΥ
6,7,ΔΙΑ
6,7,ΤΩΝ
6,7,ΟΠΛΩΝ
6,7,ΤΗΣ
6,7,ΔΙΚΑΙΟΣΥΝΗΣ
6,7,ΤΩΝ
6,7,ΔΕΞΙΩΝ
6,7,ΚΑΙ
6,7,ΑΡΙΣΤΕΡΩΝ
6,8,ΔΙΑ
6,8,ΔΟΞΗΣ
6,8,ΚΑΙ
6,8,ΑΤΙΜΙΑΣ
6,8,ΔΙΑ
6,8,ΔΥΣΦΗΜΙΑΣ
6,8,ΚΑΙ
6,8,ΕΥΦΗΜΙΑΣ
6,8,ΩΣ
6,8,ΠΛΑΝΟΙ
6,8,ΚΑΙ
6,8,ΑΛΗΘΕΙΣ
6,9,ΩΣ
6,9,ΑΓΝΟΟΥΜΕΝΟΙ
6,9,ΚΑΙ
6,9,ΕΠΙΓΙΝΩΣΚΟΜΕΝΟΙ
6,9,ΩΣ
6,9,ΑΠΟΘΝΗΙΣΚΟΝΤΕΣ
6,9,ΚΑΙ
6,9,ΙΔΟΥ
6,9,ΖΩΜΕΝ
6,9,ΩΣ
6,9,ΠΑΙΔΕΥΟΜΕΝΟΙ
6,9,ΚΑΙ
6,9,ΜΗ
6,9,ΘΑΝΑΤΟΥΜΕΝΟΙ
6,10,ΩΣ
6,10,ΛΥΠΟΥΜΕΝΟΙ
6,10,ΑΕΙ
6,10,ΔΕ
6,10,ΧΑΙΡΟΝΤΕΣ
6,10,ΩΣ
6,10,ΠΤΩΧΟΙ
6,10,ΠΟΛΛΟΥΣ
6,10,ΔΕ
6,10,ΠΛΟΥΤΙΖΟΝΤΕΣ
6,10,ΩΣ
6,10,ΜΗΔΕΝ
6,10,ΕΧΟΝΤΕΣ
6,10,ΚΑΙ
6,10,ΠΑΝΤΑ
6,10,ΚΑΤΕΧΟΝΤΕΣ
6,11,ΤΟ
6,11,ΣΤΟΜΑ
6,11,ΗΜΩΝ
6,11,ΑΝΕΩΙΓΕΝ
6,11,ΠΡΟΣ
6,11,ΥΜΑΣ
6,11,ΚΟΡΙΝΘΙΟΙ
6,11,Η
6,11,ΚΑΡΔΙΑ
6,11,ΗΜΩΝ
6,11,ΠΕΠΛΑΤΥΝΤΑΙ
6,12,ΟΥ
6,12,ΣΤΕΝΟΧΩΡΕΙΣΘΕ
6,12,ΕΝ
6,12,ΗΜΙΝ
6,12,ΣΤΕΝΟΧΩΡΕΙΣΘΕ
6,12,ΔΕ
6,12,ΕΝ
6,12,ΤΟΙΣ
6,12,ΣΠΛΑΓΧΝΟΙΣ
6,12,ΥΜΩΝ
6,13,ΤΗΝ
6,13,ΔΕ
6,13,ΑΥΤΗΝ
6,13,ΑΝΤΙΜΙΣΘΙΑΝ
6,13,ΩΣ
6,13,ΤΕΚΝΟΙΣ
6,13,ΛΕΓΩ
6,13,ΠΛΑΤΥΝΘΗΤΕ
6,13,ΚΑΙ
6,13,ΥΜΕΙΣ
6,14,ΜΗ
6,14,ΓΙΝΕΣΘΕ
6,14,ΕΤΕΡΟΖΥΓΟΥΝΤΕΣ
6,14,ΑΠΙΣΤΟΙΣ
6,14,ΤΙΣ
6,14,ΓΑΡ
6,14,ΜΕΤΟΧΗ
6,14,ΔΙΚΑΙΟΣΥΝΗΙ
6,14,ΚΑΙ
6,14,ΑΝΟΜΙΑΙ
6,14,Η
6,14,ΤΙΣ
6,14,ΚΟΙΝΩΝΙΑ
6,14,ΦΩΤΙ
6,14,ΠΡΟΣ
6,14,ΣΚΟΤΟΣ
6,15,ΤΙΣ
6,15,ΔΕ
6,15,ΣΥΜΦΩΝΗΣΙΣ
6,15,ΧΡΙΣΤΟΥ
6,15,ΠΡΟΣ
6,15,ΒΕΛΙΑΡ
6,15,Η
6,15,ΤΙΣ
6,15,ΜΕΡΙΣ
6,15,ΠΙΣΤΩΙ
6,15,ΜΕΤΑ
6,15,ΑΠΙΣΤΟΥ
6,16,ΤΙΣ
6,16,ΔΕ
6,16,ΣΥΝΚΑΤΑΘΕΣΙΣ
6,16,ΝΑΩΙ
6,16,ΘΕΟΥ
6,16,ΜΕΤΑ
6,16,ΕΙΔΩΛΩΝ
6,16,ΗΜΕΙΣ
6,16,ΓΑΡ
6,16,ΝΑΟΣ
6,16,ΘΕΟΥ
6,16,ΕΣΜΕΝ
6,16,ΖΩΝΤΟΣ
6,16,ΚΑΘΩΣ
6,16,ΕΙΠΕΝ
6,16,Ο
6,16,ΘΕΟΣ
6,16,ΟΤΙ
6,16,ΕΝΟΙΚΗΣΩ
6,16,ΕΝ
6,16,ΑΥΤΟΙΣ
6,16,ΚΑΙ
6,16,ΕΝΠΕΡΙΠΑΤΗΣΩ
6,16,ΚΑΙ
6,16,ΕΣΟΜΑΙ
6,16,ΑΥΤΩΝ
6,16,ΘΕΟΣ
6,16,ΚΑΙ
6,16,ΑΥΤΟΙ
6,16,ΕΣΟΝΤΑΙ
6,16,ΜΟΥ
6,16,ΛΑΟΣ
6,17,ΔΙΟ
6,17,ΕΞΕΛΘΑΤΕ
6,17,ΕΚ
6,17,ΜΕΣΟΥ
6,17,ΑΥΤΩΝ
6,17,ΚΑΙ
6,17,ΑΦΟΡΙΣΘΗΤΕ
6,17,ΛΕΓΕΙ
6,17,ΚΥΡΙΟΣ
6,17,ΚΑΙ
6,17,ΑΚΑΘΑΡΤΟΥ
6,17,ΜΗ
6,17,ΑΠΤΕΣΘΕ
6,17,ΚΑΓΩ
6,17,ΕΙΣΔΕΞΟΜΑΙ
6,17,ΥΜΑΣ
6,18,ΚΑΙ
6,18,ΕΣΟΜΑΙ
6,18,ΥΜΙΝ
6,18,ΕΙΣ
6,18,ΠΑΤΕΡΑ
6,18,ΚΑΙ
6,18,ΥΜΕΙΣ
6,18,ΕΣΕΣΘΕ
6,18,ΜΟΙ
6,18,ΕΙΣ
6,18,ΥΙΟΥΣ
6,18,ΚΑΙ
6,18,ΘΥΓΑΤΕΡΑΣ
6,18,ΛΕΓΕΙ
6,18,ΚΥΡΙΟΣ
6,18,ΠΑΝΤΟΚΡΑΤΩΡ
7,1,ΤΑΥΤΑΣ
7,1,ΟΥΝ
7,1,ΕΧΟΝΤΕΣ
7,1,ΤΑΣ
7,1,ΕΠΑΓΓΕΛΙΑΣ
7,1,ΑΓΑΠΗΤΟΙ
7,1,ΚΑΘΑΡΙΣΩΜΕΝ
7,1,ΕΑΥΤΟΥΣ
7,1,ΑΠΟ
7,1,ΠΑΝΤΟΣ
7,1,ΜΟΛΥΣΜΟΥ
7,1,ΣΑΡΚΟΣ
7,1,ΚΑΙ
7,1,ΠΝΕΥΜΑΤΟΣ
7,1,ΕΠΙΤΕΛΟΥΝΤΕΣ
7,1,ΑΓΙΩΣΥΝΗΝ
7,1,ΕΝ
7,1,ΦΟΒΩΙ
7,1,ΘΕΟΥ
7,2,ΧΩΡΗΣΑΤΕ
7,2,ΗΜΑΣ
7,2,ΟΥΔΕΝΑ
7,2,ΗΔΙΚΗΣΑΜΕΝ
7,2,ΟΥΔΕΝΑ
7,2,ΕΦΘΕΙΡΑΜΕΝ
7,2,ΟΥΔΕΝΑ
7,2,ΕΠΛΕΟΝΕΚΤΗΣΑΜΕΝ
7,3,ΠΡΟΣ
7,3,ΚΑΤΑΚΡΙΣΙΝ
7,3,ΟΥ
7,3,ΛΕΓΩ
7,3,ΠΡΟΕΙΡΗΚΑ
7,3,ΓΑΡ
7,3,ΟΤΙ
7,3,ΕΝ
7,3,ΤΑΙΣ
7,3,ΚΑΡΔΙΑΙΣ
7,3,ΗΜΩΝ
7,3,ΕΣΤΕ
7,3,ΕΙΣ
7,3,ΤΟ
7,3,ΣΥΝΑΠΟΘΑΝΕΙΝ
7,3,ΚΑΙ
7,3,ΣΥΝΖΗΝ
7,4,ΠΟΛΛΗ
7,4,ΜΟΙ
7,4,ΠΑΡΡΗΣΙΑ
7,4,ΠΡΟΣ
7,4,ΥΜΑΣ
7,4,ΠΟΛΛΗ
7,4,ΜΟΙ
7,4,ΚΑΥΧΗΣΙΣ
7,4,ΥΠΕΡ
7,4,ΥΜΩΝ
7,4,ΠΕΠΛΗΡΩΜΑΙ
7,4,ΤΗΙ
7,4,ΠΑΡΑΚΛΗΣΕΙ
7,4,ΥΠΕΡΠΕΡΙΣΣΕΥΟΜΑΙ
7,4,ΤΗΙ
7,4,ΧΑΡΑΙ
7,4,ΕΠΙ
7,4,ΠΑΣΗΙ
7,4,ΤΗΙ
7,4,ΘΛΙΨΕΙ
7,4,ΗΜΩΝ
7,5,ΚΑΙ
7,5,ΓΑΡ
7,5,ΕΛΘΟΝΤΩΝ
7,5,ΗΜΩΝ
7,5,ΕΙΣ
7,5,ΜΑΚΕΔΟΝΙΑΝ
7,5,ΟΥΔΕΜΙΑΝ
7,5,ΕΣΧΗΚΕΝ
7,5,ΑΝΕΣΙΝ
7,5,Η
7,5,ΣΑΡΞ
7,5,ΗΜΩΝ
7,5,ΑΛΛΑ
7,5,ΕΝ
7,5,ΠΑΝΤΙ
7,5,ΘΛΙΒΟΜΕΝΟΙ
7,5,ΕΞΩΘΕΝ
7,5,ΜΑΧΑΙ
7,5,ΕΣΩΘΕΝ
7,5,ΦΟΒΟΙ
7,6,ΑΛΛΑ
7,6,Ο
7,6,ΠΑΡΑΚΑΛΩΝ
7,6,ΤΟΥΣ
7,6,ΤΑΠΕΙΝΟΥΣ
7,6,ΠΑΡΕΚΑΛΕΣΕΝ
7,6,ΗΜΑΣ
7,6,Ο
7,6,ΘΕΟΣ
7,6,ΕΝ
7,6,ΤΗΙ
7,6,ΠΑΡΟΥΣΙΑΙ
7,6,ΤΙΤΟΥ
7,7,ΟΥ
7,7,ΜΟΝΟΝ
7,7,ΔΕ
7,7,ΕΝ
7,7,ΤΗΙ
7,7,ΠΑΡΟΥΣΙΑΙ
7,7,ΑΥΤΟΥ
7,7,ΑΛΛΑ
7,7,ΚΑΙ
7,7,ΕΝ
7,7,ΤΗΙ
7,7,ΠΑΡΑΚΛΗΣΕΙ
7,7,ΗΙ
7,7,ΠΑΡΕΚΛΗΘΗ
7,7,ΕΠΙ
7,7,ΥΜΙΝ
7,7,ΑΝΑΓΓΕΛΛΩΝ
7,7,ΗΜΙΝ
7,7,ΤΗΝ
7,7,ΥΜΩΝ
7,7,ΕΠΙΠΟΘΗΣΙΝ
7,7,ΤΟΝ
7,7,ΥΜΩΝ
7,7,ΟΔΥΡΜΟΝ
7,7,ΤΟΝ
7,7,ΥΜΩΝ
7,7,ΖΗΛΟΝ
7,7,ΥΠΕΡ
7,7,ΕΜΟΥ
7,7,ΩΣΤΕ
7,7,ΜΕ
7,7,ΜΑΛΛΟΝ
7,7,ΧΑΡΗΝΑΙ
7,8,ΟΤΙ
7,8,ΕΙ
7,8,ΚΑΙ
7,8,ΕΛΥΠΗΣΑ
7,8,ΥΜΑΣ
7,8,ΕΝ
7,8,ΤΗΙ
7,8,ΕΠΙΣΤΟΛΗΙ
7,8,ΟΥ
7,8,ΜΕΤΑΜΕΛΟΜΑΙ
7,8,ΕΙ
7,8,ΚΑΙ
7,8,ΜΕΤΕΜΕΛΟΜΗΝ
7,8,ΒΛΕΠΩ
7,8,ΟΤΙ
7,8,Η
7,8,ΕΠΙΣΤΟΛΗ
7,8,ΕΚΕΙΝΗ
7,8,ΕΙ
7,8,ΚΑΙ
7,8,ΠΡΟΣ
7,8,ΩΡΑΝ
7,8,ΕΛΥΠΗΣΕΝ
7,8,ΥΜΑΣ
7,9,ΝΥΝ
7,9,ΧΑΙΡΩ
7,9,ΟΥΧ
7,9,ΟΤΙ
7,9,ΕΛΥΠΗΘΗΤΕ
7,9,ΑΛΛΑ
7,9,ΟΤΙ
7,9,ΕΛΥΠΗΘΗΤΕ
7,9,ΕΙΣ
7,9,ΜΕΤΑΝΟΙΑΝ
7,9,ΕΛΥΠΗΘΗΤΕ
7,9,ΓΑΡ
7,9,ΚΑΤΑ
7,9,ΘΕΟΝ
7,9,ΙΝΑ
7,9,ΕΝ
7,9,ΜΗΔΕΝΙ
7,9,ΖΗΜΙΩΘΗΤΕ
7,9,ΕΞ
7,9,ΗΜΩΝ
7,10,Η
7,10,ΓΑΡ
7,10,ΚΑΤΑ
7,10,ΘΕΟΝ
7,10,ΛΥΠΗ
7,10,ΜΕΤΑΝΟΙΑΝ
7,10,ΕΙΣ
7,10,ΣΩΤΗΡΙΑΝ
7,10,ΑΜΕΤΑΜΕΛΗΤΟΝ
7,10,ΕΡΓΑΖΕΤΑΙ
7,10,Η
7,10,ΔΕ
7,10,ΤΟΥ
7,10,ΚΟΣΜΟΥ
7,10,ΛΥΠΗ
7,10,ΘΑΝΑΤΟΝ
7,10,ΚΑΤΕΡΓΑΖΕΤΑΙ
7,11,ΙΔΟΥ
7,11,ΓΑΡ
7,11,ΑΥΤΟ
7,11,ΤΟΥΤΟ
7,11,ΤΟ
7,11,ΚΑΤΑ
7,11,ΘΕΟΝ
7,11,ΛΥΠΗΘΗΝΑΙ
7,11,ΠΟΣΗΝ
7,11,ΚΑΤΕΙΡΓΑΣΑΤΟ
7,11,ΥΜΙΝ
7,11,ΣΠΟΥΔΗΝ
7,11,ΑΛΛΑ
7,11,ΑΠΟΛΟΓΙΑΝ
7,11,ΑΛΛΑ
7,11,ΑΓΑΝΑΚΤΗΣΙΝ
7,11,ΑΛΛΑ
7,11,ΦΟΒΟΝ
7,11,ΑΛΛΑ
7,11,ΕΠΙΠΟΘΗΣΙΝ
7,11,ΑΛΛΑ
7,11,ΖΗΛΟΝ
7,11,ΑΛΛΑ
7,11,ΕΚΔΙΚΗΣΙΝ
7,11,ΕΝ
7,11,ΠΑΝΤΙ
7,11,ΣΥΝΕΣΤΗΣΑΤΕ
7,11,ΕΑΥΤΟΥΣ
7,11,ΑΓΝΟΥΣ
7,11,ΕΙΝΑΙ
7,11,ΤΩΙ
7,11,ΠΡΑΓΜΑΤΙ
7,12,ΑΡΑ
7,12,ΕΙ
7,12,ΚΑΙ
7,12,ΕΓΡΑΨΑ
7,12,ΥΜΙΝ
7,12,ΟΥΧ
7,12,ΕΝΕΚΕΝ
7,12,ΤΟΥ
7,12,ΑΔΙΚΗΣΑΝΤΟΣ
7,12,ΟΥΔΕ
7,12,ΕΝΕΚΕΝ
7,12,ΤΟΥ
7,12,ΑΔΙΚΗΘΕΝΤΟΣ
7,12,ΑΛΛΑ
7,12,ΕΝΕΚΕΝ
7,12,ΤΟΥ
7,12,ΦΑΝΕΡΩΘΗΝΑΙ
7,12,ΤΗΝ
7,12,ΣΠΟΥΔΗΝ
7,12,ΥΜΩΝ
7,12,ΤΗΝ
7,12,ΥΠΕΡ
7,12,ΗΜΩΝ
7,12,ΠΡΟΣ
7,12,ΥΜΑΣ
7,12,ΕΝΩΠΙΟΝ
7,12,ΤΟΥ
7,12,ΘΕΟΥ
7,13,ΔΙΑ
7,13,ΤΟΥΤΟ
7,13,ΠΑΡΑΚΕΚΛΗΜΕΘΑ
7,13,ΕΠΙ
7,13,ΔΕ
7,13,ΤΗΙ
7,13,ΠΑΡΑΚΛΗΣΕΙ
7,13,ΗΜΩΝ
7,13,ΠΕΡΙΣΣΟΤΕΡΩΣ
7,13,ΜΑΛΛΟΝ
7,13,ΕΧΑΡΗΜΕΝ
7,13,ΕΠΙ
7,13,ΤΗΙ
7,13,ΧΑΡΑΙ
7,13,ΤΙΤΟΥ
7,13,ΟΤΙ
7,13,ΑΝΑΠΕΠΑΥΤΑΙ
7,13,ΤΟ
7,13,ΠΝΕΥΜΑ
7,13,ΑΥΤΟΥ
7,13,ΑΠΟ
7,13,ΠΑΝΤΩΝ
7,13,ΥΜΩΝ
7,14,ΟΤΙ
7,14,ΕΙ
7,14,ΤΙ
7,14,ΑΥΤΩΙ
7,14,ΥΠΕΡ
7,14,ΥΜΩΝ
7,14,ΚΕΚΑΥΧΗΜΑΙ
7,14,ΟΥ
7,14,ΚΑΤΗΙΣΧΥΝΘΗΝ
7,14,ΑΛΛΑ
7,14,ΩΣ
7,14,ΠΑΝΤΑ
7,14,ΕΝ
7,14,ΑΛΗΘΕΙΑΙ
7,14,ΕΛΑΛΗΣΑΜΕΝ
7,14,ΥΜΙΝ
7,14,ΟΥΤΩΣ
7,14,ΚΑΙ
7,14,Η
7,14,ΚΑΥΧΗΣΙΣ
7,14,ΗΜΩΝ
7,14,Η
7,14,ΕΠΙ
7,14,ΤΙΤΟΥ
7,14,ΑΛΗΘΕΙΑ
7,14,ΕΓΕΝΗΘΗ
7,15,ΚΑΙ
7,15,ΤΑ
7,15,ΣΠΛΑΓΧΝΑ
7,15,ΑΥΤΟΥ
7,15,ΠΕΡΙΣΣΟΤΕΡΩΣ
7,15,ΕΙΣ
7,15,ΥΜΑΣ
7,15,ΕΣΤΙΝ
7,15,ΑΝΑΜΙΜΝΗΙΣΚΟΜΕΝΟΥ
7,15,ΤΗΝ
7,15,ΠΑΝΤΩΝ
7,15,ΥΜΩΝ
7,15,ΥΠΑΚΟΗΝ
7,15,ΩΣ
7,15,ΜΕΤΑ
7,15,ΦΟΒΟΥ
7,15,ΚΑΙ
7,15,ΤΡΟΜΟΥ
7,15,ΕΔΕΞΑΣΘΕ
7,15,ΑΥΤΟΝ
7,16,ΧΑΙΡΩ
7,16,ΟΤΙ
7,16,ΕΝ
7,16,ΠΑΝΤΙ
7,16,ΘΑΡΡΩ
7,16,ΕΝ
7,16,ΥΜΙΝ
8,1,ΓΝΩΡΙΖΟΜΕΝ
8,1,ΔΕ
8,1,ΥΜΙΝ
8,1,ΑΔΕΛΦΟΙ
8,1,ΤΗΝ
8,1,ΧΑΡΙΝ
8,1,ΤΟΥ
8,1,ΘΕΟΥ
8,1,ΤΗΝ
8,1,ΔΕΔΟΜΕΝΗΝ
8,1,ΕΝ
8,1,ΤΑΙΣ
8,1,ΕΚΚΛΗΣΙΑΙΣ
8,1,ΤΗΣ
8,1,ΜΑΚΕΔΟΝΙΑΣ
8,2,ΟΤΙ
8,2,ΕΝ
8,2,ΠΟΛΛΗΙ
8,2,ΔΟΚΙΜΗΙ
8,2,ΘΛΙΨΕΩΣ
8,2,Η
8,2,ΠΕΡΙΣΣΕΙΑ
8,2,ΤΗΣ
8,2,ΧΑΡΑΣ
8,2,ΑΥΤΩΝ
8,2,ΚΑΙ
8,2,Η
8,2,ΚΑΤΑ
8,2,ΒΑΘΟΥΣ
8,2,ΠΤΩΧΕΙΑ
8,2,ΑΥΤΩΝ
8,2,ΕΠΕΡΙΣΣΕΥΣΕΝ
8,2,ΕΙΣ
8,2,ΤΟ
8,2,ΠΛΟΥΤΟΣ
8,2,ΤΗΣ
8,2,ΑΠΛΟΤΗΤΟΣ
8,2,ΑΥΤΩΝ
8,3,ΟΤΙ
8,3,ΚΑΤΑ
8,3,ΔΥΝΑΜΙΝ
8,3,ΜΑΡΤΥΡΩ
8,3,ΚΑΙ
8,3,ΠΑΡΑ
8,3,ΔΥΝΑΜΙΝ
8,3,ΑΥΘΑΙΡΕΤΟΙ
8,4,ΜΕΤΑ
8,4,ΠΟΛΛΗΣ
8,4,ΠΑΡΑΚΛΗΣΕΩΣ
8,4,ΔΕΟΜΕΝΟΙ
8,4,ΗΜΩΝ
8,4,ΤΗΝ
8,4,ΧΑΡΙΝ
8,4,ΚΑΙ
8,4,ΤΗΝ
8,4,ΚΟΙΝΩΝΙΑΝ
8,4,ΤΗΣ
8,4,ΔΙΑΚΟΝΙΑΣ
8,4,ΤΗΣ
8,4,ΕΙΣ
8,4,ΤΟΥΣ
8,4,ΑΓΙΟΥΣ
8,5,ΚΑΙ
8,5,ΟΥ
8,5,ΚΑΘΩΣ
8,5,ΗΛΠΙΣΑΜΕΝ
8,5,ΑΛΛΑ
8,5,ΕΑΥΤΟΥΣ
8,5,ΕΔΩΚΑΝ
8,5,ΠΡΩΤΟΝ
8,5,ΤΩΙ
8,5,ΚΥΡΙΩΙ
8,5,ΚΑΙ
8,5,ΗΜΙΝ
8,5,ΔΙΑ
8,5,ΘΕΛΗΜΑΤΟΣ
8,5,ΘΕΟΥ
8,6,ΕΙΣ
8,6,ΤΟ
8,6,ΠΑΡΑΚΑΛΕΣΑΙ
8,6,ΗΜΑΣ
8,6,ΤΙΤΟΝ
8,6,ΙΝΑ
8,6,ΚΑΘΩΣ
8,6,ΠΡΟΕΝΗΡΞΑΤΟ
8,6,ΟΥΤΩΣ
8,6,ΚΑΙ
8,6,ΕΠΙΤΕΛΕΣΗΙ
8,6,ΕΙΣ
8,6,ΥΜΑΣ
8,6,ΚΑΙ
8,6,ΤΗΝ
8,6,ΧΑΡΙΝ
8,6,ΤΑΥΤΗΝ
8,7,ΑΛΛΑ
8,7,ΩΣΠΕΡ
8,7,ΕΝ
8,7,ΠΑΝΤΙ
8,7,ΠΕΡΙΣΣΕΥΕΤΕ
8,7,ΠΙΣΤΕΙ
8,7,ΚΑΙ
8,7,ΛΟΓΩΙ
8,7,ΚΑΙ
8,7,ΓΝΩΣΕΙ
8,7,ΚΑΙ
8,7,ΠΑΣΗΙ
8,7,ΣΠΟΥΔΗΙ
8,7,ΚΑΙ
8,7,ΤΗΙ
8,7,ΕΞ
8,7,ΗΜΩΝ
8,7,ΕΝ
8,7,ΥΜΙΝ
8,7,ΑΓΑΠΗΙ
8,7,ΙΝΑ
8,7,ΚΑΙ
8,7,ΕΝ
8,7,ΤΑΥΤΗΙ
8,7,ΤΗΙ
8,7,ΧΑΡΙΤΙ
8,7,ΠΕΡΙΣΣΕΥΗΤΕ
8,8,ΟΥ
8,8,ΚΑΤΑ
8,8,ΕΠΙΤΑΓΗΝ
8,8,ΛΕΓΩ
8,8,ΑΛΛΑ
8,8,ΔΙΑ
8,8,ΤΗΣ
8,8,ΕΤΕΡΩΝ
8,8,ΣΠΟΥΔΗΣ
8,8,ΚΑΙ
8,8,ΤΟ
8,8,ΤΗΣ
8,8,ΥΜΕΤΕΡΑΣ
8,8,ΑΓΑΠΗΣ
8,8,ΓΝΗΣΙΟΝ
8,8,ΔΟΚΙΜΑΖΩΝ
8,9,ΓΙΝΩΣΚΕΤΕ
8,9,ΓΑΡ
8,9,ΤΗΝ
8,9,ΧΑΡΙΝ
8,9,ΤΟΥ
8,9,ΚΥΡΙΟΥ
8,9,ΗΜΩΝ
8,9,ΙΗΣΟΥ
8,9,ΧΡΙΣΤΟΥ
8,9,ΟΤΙ
8,9,ΔΙΑ
8,9,ΥΜΑΣ
8,9,ΕΠΤΩΧΕΥΣΕΝ
8,9,ΠΛΟΥΣΙΟΣ
8,9,ΩΝ
8,9,ΙΝΑ
8,9,ΥΜΕΙΣ
8,9,ΤΗΙ
8,9,ΕΚΕΙΝΟΥ
8,9,ΠΤΩΧΕΙΑΙ
8,9,ΠΛΟΥΤΗΣΗΤΕ
8,10,ΚΑΙ
8,10,ΓΝΩΜΗΝ
8,10,ΕΝ
8,10,ΤΟΥΤΩΙ
8,10,ΔΙΔΩΜΙ
8,10,ΤΟΥΤΟ
8,10,ΓΑΡ
8,10,ΥΜΙΝ
8,10,ΣΥΜΦΕΡΕΙ
8,10,ΟΙΤΙΝΕΣ
8,10,ΟΥ
8,10,ΜΟΝΟΝ
8,10,ΤΟ
8,10,ΠΟΙΗΣΑΙ
8,10,ΑΛΛΑ
8,10,ΚΑΙ
8,10,ΤΟ
8,10,ΘΕΛΕΙΝ
8,10,ΠΡΟΕΝΗΡΞΑΣΘΕ
8,10,ΑΠΟ
8,10,ΠΕΡΥΣΙ
8,11,ΝΥΝΙ
8,11,ΔΕ
8,11,ΚΑΙ
8,11,ΤΟ
8,11,ΠΟΙΗΣΑΙ
8,11,ΕΠΙΤΕΛΕΣΑΤΕ
8,11,ΟΠΩΣ
8,11,ΚΑΘΑΠΕΡ
8,11,Η
8,11,ΠΡΟΘΥΜΙΑ
8,11,ΤΟΥ
8,11,ΘΕΛΕΙΝ
8,11,ΟΥΤΩΣ
8,11,ΚΑΙ
8,11,ΤΟ
8,11,ΕΠΙΤΕΛΕΣΑΙ
8,11,ΕΚ
8,11,ΤΟΥ
8,11,ΕΧΕΙΝ
8,12,ΕΙ
8,12,ΓΑΡ
8,12,Η
8,12,ΠΡΟΘΥΜΙΑ
8,12,ΠΡΟΚΕΙΤΑΙ
8,12,ΚΑΘΟ
8,12,ΕΑΝ
8,12,ΕΧΗΙ
8,12,ΕΥΠΡΟΣΔΕΚΤΟΣ
8,12,ΟΥ
8,12,ΚΑΘΟ
8,12,ΟΥΚ
8,12,ΕΧΕΙ
8,13,ΟΥ
8,13,ΓΑΡ
8,13,ΙΝΑ
8,13,ΑΛΛΟΙΣ
8,13,ΑΝΕΣΙΣ
8,13,ΥΜΙΝ
8,13,ΘΛΙΨΙΣ
8,13,ΑΛΛΑ
8,13,ΕΞ
8,13,ΙΣΟΤΗΤΟΣ
8,14,ΕΝ
8,14,ΤΩΙ
8,14,ΝΥΝ
8,14,ΚΑΙΡΩΙ
8,14,ΤΟ
8,14,ΥΜΩΝ
8,14,ΠΕΡΙΣΣΕΥΜΑ
8,14,ΕΙΣ
8,14,ΤΟ
8,14,ΕΚΕΙΝΩΝ
8,14,ΥΣΤΕΡΗΜΑ
8,14,ΙΝΑ
8,14,ΚΑΙ
8,14,ΤΟ
8,14,ΕΚΕΙΝΩΝ
8,14,ΠΕΡΙΣΣΕΥΜΑ
8,14,ΓΕΝΗΤΑΙ
8,14,ΕΙΣ
8,14,ΤΟ
8,14,ΥΜΩΝ
8,14,ΥΣΤΕΡΗΜΑ
8,14,ΟΠΩΣ
8,14,ΓΕΝΗΤΑΙ
8,14,ΙΣΟΤΗΣ
8,15,ΚΑΘΩΣ
8,15,ΓΕΓΡΑΠΤΑΙ
8,15,Ο
8,15,ΤΟ
8,15,ΠΟΛΥ
8,15,ΟΥΚ
8,15,ΕΠΛΕΟΝΑΣΕΝ
8,15,ΚΑΙ
8,15,Ο
8,15,ΤΟ
8,15,ΟΛΙΓΟΝ
8,15,ΟΥΚ
8,15,ΗΛΑΤΤΟΝΗΣΕΝ
8,16,ΧΑΡΙΣ
8,16,ΔΕ
8,16,ΤΩΙ
8,16,ΘΕΩΙ
8,16,ΤΩΙ
8,16,ΔΙΔΟΝΤΙ
8,16,ΤΗΝ
8,16,ΑΥΤΗΝ
8,16,ΣΠΟΥΔΗΝ
8,16,ΥΠΕΡ
8,16,ΥΜΩΝ
8,16,ΕΝ
8,16,ΤΗΙ
8,16,ΚΑΡΔΙΑΙ
8,16,ΤΙΤΟΥ
8,17,ΟΤΙ
8,17,ΤΗΝ
8,17,ΜΕΝ
8,17,ΠΑΡΑΚΛΗΣΙΝ
8,17,ΕΔΕΞΑΤΟ
8,17,ΣΠΟΥΔΑΙΟΤΕΡΟΣ
8,17,ΔΕ
8,17,ΥΠΑΡΧΩΝ
8,17,ΑΥΘΑΙΡΕΤΟΣ
8,17,ΕΞΗΛΘΕΝ
8,17,ΠΡΟΣ
8,17,ΥΜΑΣ
8,18,ΣΥΝΕΠΕΜΨΑΜΕΝ
8,18,ΔΕ
8,18,ΜΕΤΑ
8,18,ΑΥΤΟΥ
8,18,ΤΟΝ
8,18,ΑΔΕΛΦΟΝ
8,18,ΟΥ
8,18,Ο
8,18,ΕΠΑΙΝΟΣ
8,18,ΕΝ
8,18,ΤΩΙ
8,18,ΕΥΑΓΓΕΛΙΩΙ
8,18,ΔΙΑ
8,18,ΠΑΣΩΝ
8,18,ΤΩΝ
8,18,ΕΚΚΛΗΣΙΩΝ
8,19,ΟΥ
8,19,ΜΟΝΟΝ
8,19,ΔΕ
8,19,ΑΛΛΑ
8,19,ΚΑΙ
8,19,ΧΕΙΡΟΤΟΝΗΘΕΙΣ
8,19,ΥΠΟ
8,19,ΤΩΝ
8,19,ΕΚΚΛΗΣΙΩΝ
8,19,ΣΥΝΕΚΔΗΜΟΣ
8,19,ΗΜΩΝ
8,19,ΣΥΝ
8,19,ΤΗΙ
8,19,ΧΑΡΙΤΙ
8,19,ΤΑΥΤΗΙ
8,19,ΤΗΙ
8,19,ΔΙΑΚΟΝΟΥΜΕΝΗΙ
8,19,ΥΠΟ
8,19,ΗΜΩΝ
8,19,ΠΡΟΣ
8,19,ΤΗΝ
8,19,ΤΟΥ
8,19,ΚΥΡΙΟΥ
8,19,ΔΟΞΑΝ
8,19,ΚΑΙ
8,19,ΠΡΟΘΥΜΙΑΝ
8,19,ΗΜΩΝ
8,20,ΣΤΕΛΛΟΜΕΝΟΙ
8,20,ΤΟΥΤΟ
8,20,ΜΗ
8,20,ΤΙΣ
8,20,ΗΜΑΣ
8,20,ΜΩΜΗΣΗΤΑΙ
8,20,ΕΝ
8,20,ΤΗΙ
8,20,ΑΔΡΟΤΗΤΙ
8,20,ΤΑΥΤΗΙ
8,20,ΤΗΙ
8,20,ΔΙΑΚΟΝΟΥΜΕΝΗΙ
8,20,ΥΠΟ
8,20,ΗΜΩΝ
8,21,ΠΡΟΝΟΟΥΜΕΝ
8,21,ΓΑΡ
8,21,ΚΑΛΑ
8,21,ΟΥ
8,21,ΜΟΝΟΝ
8,21,ΕΝΩΠΙΟΝ
8,21,ΚΥΡΙΟΥ
8,21,ΑΛΛΑ
8,21,ΚΑΙ
8,21,ΕΝΩΠΙΟΝ
8,21,ΑΝΘΡΩΠΩΝ
8,22,ΣΥΝΕΠΕΜΨΑΜΕΝ
8,22,ΔΕ
8,22,ΑΥΤΟΙΣ
8,22,ΤΟΝ
8,22,ΑΔΕΛΦΟΝ
8,22,ΗΜΩΝ
8,22,ΟΝ
8,22,ΕΔΟΚΙΜΑΣΑΜΕΝ
8,22,ΕΝ
8,22,ΠΟΛΛΟΙΣ
8,22,ΠΟΛΛΑΚΙΣ
8,22,ΣΠΟΥΔΑΙΟΝ
8,22,ΟΝΤΑ
8,22,ΝΥΝΙ
8,22,ΔΕ
8,22,ΠΟΛΥ
8,22,ΣΠΟΥΔΑΙΟΤΕΡΟΝ
8,22,ΠΕΠΟΙΘΗΣΕΙ
8,22,ΠΟΛΛΗΙ
8,22,ΤΗΙ
8,22,ΕΙΣ
8,22,ΥΜΑΣ
8,23,ΕΙΤΕ
8,23,ΥΠΕΡ
8,23,ΤΙΤΟΥ
8,23,ΚΟΙΝΩΝΟΣ
8,23,ΕΜΟΣ
8,23,ΚΑΙ
8,23,ΕΙΣ
8,23,ΥΜΑΣ
8,23,ΣΥΝΕΡΓΟΣ
8,23,ΕΙΤΕ
8,23,ΑΔΕΛΦΟΙ
8,23,ΗΜΩΝ
8,23,ΑΠΟΣΤΟΛΟΙ
8,23,ΕΚΚΛΗΣΙΩΝ
8,23,ΔΟΞΑ
8,23,ΧΡΙΣΤΟΥ
8,24,ΤΗΝ
8,24,ΟΥΝ
8,24,ΕΝΔΕΙΞΙΝ
8,24,ΤΗΣ
8,24,ΑΓΑΠΗΣ
8,24,ΥΜΩΝ
8,24,ΚΑΙ
8,24,ΗΜΩΝ
8,24,ΚΑΥΧΗΣΕΩΣ
8,24,ΥΠΕΡ
8,24,ΥΜΩΝ
8,24,ΕΙΣ
8,24,ΑΥΤΟΥΣ
8,24,ΕΝΔΕΙΚΝΥΜΕΝΟΙ
8,24,ΕΙΣ
8,24,ΠΡΟΣΩΠΟΝ
8,24,ΤΩΝ
8,24,ΕΚΚΛΗΣΙΩΝ
9,1,ΠΕΡΙ
9,1,ΜΕΝ
9,1,ΓΑΡ
9,1,ΤΗΣ
9,1,ΔΙΑΚΟΝΙΑΣ
9,1,ΤΗΣ
9,1,ΕΙΣ
9,1,ΤΟΥΣ
9,1,ΑΓΙΟΥΣ
9,1,ΠΕΡΙΣΣΟΝ
9,1,ΜΟΙ
9,1,ΕΣΤΙΝ
9,1,ΤΟ
9,1,ΓΡΑΦΕΙΝ
9,1,ΥΜΙΝ
9,2,ΟΙΔΑ
9,2,ΓΑΡ
9,2,ΤΗΝ
9,2,ΠΡΟΘΥΜΙΑΝ
9,2,ΥΜΩΝ
9,2,ΗΝ
9,2,ΥΠΕΡ
9,2,ΥΜΩΝ
9,2,ΚΑΥΧΩΜΑΙ
9,2,ΜΑΚΕΔΟΣΙΝ
9,2,ΟΤΙ
9,2,ΑΧΑΙΑ
9,2,ΠΑΡΕΣΚΕΥΑΣΤΑΙ
9,2,ΑΠΟ
9,2,ΠΕΡΥΣΙ
9,2,ΚΑΙ
9,2,ΤΟ
9,2,ΥΜΩΝ
9,2,ΖΗΛΟΣ
9,2,ΗΡΕΘΙΣΕ
9,2,ΤΟΥΣ
9,2,ΠΛΕΙΟΝΑΣ
9,3,ΕΠΕΜΨΑ
9,3,ΔΕ
9,3,ΤΟΥΣ
9,3,ΑΔΕΛΦΟΥΣ
9,3,ΙΝΑ
9,3,ΜΗ
9,3,ΤΟ
9,3,ΚΑΥΧΗΜΑ
9,3,ΗΜΩΝ
9,3,ΤΟ
9,3,ΥΠΕΡ
9,3,ΥΜΩΝ
9,3,ΚΕΝΩΘΗΙ
9,3,ΕΝ
9,3,ΤΩΙ
9,3,ΜΕΡΕΙ
9,3,ΤΟΥΤΩΙ
9,3,ΙΝΑ
9,3,ΚΑΘΩΣ
9,3,ΕΛΕΓΟΝ
9,3,ΠΑΡΕΣΚΕΥΑΣΜΕΝΟΙ
9,3,ΗΤΕ
9,4,ΜΗ
9,4,ΠΩΣ
9,4,ΕΑΝ
9,4,ΕΛΘΩΣΙΝ
9,4,ΣΥΝ
9,4,ΕΜΟΙ
9,4,ΜΑΚΕΔΟΝΕΣ
9,4,ΚΑΙ
9,4,ΕΥΡΩΣΙΝ
9,4,ΥΜΑΣ
9,4,ΑΠΑΡΑΣΚΕΥΑΣΤΟΥΣ
9,4,ΚΑΤΑΙΣΧΥΝΘΩΜΕΝ
9,4,ΗΜΕΙΣ
9,4,ΙΝΑ
9,4,ΜΗ
9,4,ΛΕΓΩΜΕΝ
9,4,ΥΜΕΙΣ
9,4,ΕΝ
9,4,ΤΗΙ
9,4,ΥΠΟΣΤΑΣΕΙ
9,4,ΤΑΥΤΗΙ
9,5,ΑΝΑΓΚΑΙΟΝ
9,5,ΟΥΝ
9,5,ΗΓΗΣΑΜΗΝ
9,5,ΠΑΡΑΚΑΛΕΣΑΙ
9,5,ΤΟΥΣ
9,5,ΑΔΕΛΦΟΥΣ
9,5,ΙΝΑ
9,5,ΠΡΟΕΛΘΩΣΙΝ
9,5,ΕΙΣ
9,5,ΥΜΑΣ
9,5,ΚΑΙ
9,5,ΠΡΟΚΑΤΑΡΤΙΣΩΣΙ
9,5,ΤΗΝ
9,5,ΠΡΟΕΠΗΓΓΕΛΜΕΝΗΝ
9,5,ΕΥΛΟΓΙΑΝ
9,5,ΥΜΩΝ
9,5,ΤΑΥΤΗΝ
9,5,ΕΤΟΙΜΗΝ
9,5,ΕΙΝΑΙ
9,5,ΟΥΤΩΣ
9,5,ΩΣ
9,5,ΕΥΛΟΓΙΑΝ
9,5,ΚΑΙ
9,5,ΜΗ
9,5,ΩΣ
9,5,ΠΛΕΟΝΕΞΙΑΝ
9,6,ΤΟΥΤΟ
9,6,ΔΕ
9,6,Ο
9,6,ΣΠΕΙΡΩΝ
9,6,ΦΕΙΔΟΜΕΝΩΣ
9,6,ΦΕΙΔΟΜΕΝΩΣ
9,6,ΚΑΙ
9,6,ΘΕΡΙΣΕΙ
9,6,ΚΑΙ
9,6,Ο
9,6,ΣΠΕΙΡΩΝ
9,6,ΕΠΙ
9,6,ΕΥΛΟΓΙΑΙΣ
9,6,ΕΠΙ
9,6,ΕΥΛΟΓΙΑΙΣ
9,6,ΚΑΙ
9,6,ΘΕΡΙΣΕΙ
9,7,ΕΚΑΣΤΟΣ
9,7,ΚΑΘΩΣ
9,7,ΠΡΟΗΙΡΗΤΑΙ
9,7,ΤΗΙ
9,7,ΚΑΡΔΙΑΙ
9,7,ΜΗ
9,7,ΕΚ
9,7,ΛΥΠΗΣ
9,7,Η
9,7,ΕΞ
9,7,ΑΝΑΓΚΗΣ
9,7,ΙΛΑΡΟΝ
9,7,ΓΑΡ
9,7,ΔΟΤΗΝ
9,7,ΑΓΑΠΑΙ
9,7,Ο
9,7,ΘΕΟΣ
9,8,ΔΥΝΑΤΕΙ
9,8,ΔΕ
9,8,Ο
9,8,ΘΕΟΣ
9,8,ΠΑΣΑΝ
9,8,ΧΑΡΙΝ
9,8,ΠΕΡΙΣΣΕΥΣΑΙ
9,8,ΕΙΣ
9,8,ΥΜΑΣ
9,8,ΙΝΑ
9,8,ΕΝ
9,8,ΠΑΝΤΙ
9,8,ΠΑΝΤΟΤΕ
9,8,ΠΑΣΑΝ
9,8,ΑΥΤΑΡΚΕΙΑΝ
9,8,ΕΧΟΝΤΕΣ
9,8,ΠΕΡΙΣΣΕΥΗΤΕ
9,8,ΕΙΣ
9,8,ΠΑΝ
9,8,ΕΡΓΟΝ
9,8,ΑΓΑΘΟΝ
9,9,ΚΑΘΩΣ
9,9,ΓΕΓΡΑΠΤΑΙ
9,9,ΕΣΚΟΡΠΙΣΕΝ
9,9,ΕΔΩΚΕΝ
9,9,ΤΟΙΣ
9,9,ΠΕΝΗΣΙΝ
9,9,Η
9,9,ΔΙΚΑΙΟΣΥΝΗ
9,9,ΑΥΤΟΥ
9,9,ΜΕΝΕΙ
9,9,ΕΙΣ
9,9,ΤΟΝ
9,9,ΑΙΩΝΑ
9,10,Ο
9,10,ΔΕ
9,10,ΕΠΙΧΟΡΗΓΩΝ
9,10,ΣΠΟΡΟΝ
9,10,ΤΩΙ
9,10,ΣΠΕΙΡΟΝΤΙ
9,10,ΚΑΙ
9,10,ΑΡΤΟΝ
9,10,ΕΙΣ
9,10,ΒΡΩΣΙΝ
9,10,ΧΟΡΗΓΗΣΕΙ
9,10,ΚΑΙ
9,10,ΠΛΗΘΥΝΕΙ
9,10,ΤΟΝ
9,10,ΣΠΟΡΟΝ
9,10,ΥΜΩΝ
9,10,ΚΑΙ
9,10,ΑΥΞΗΣΕΙ
9,10,ΤΑ
9,10,ΓΕΝΗΜΑΤΑ
9,10,ΤΗΣ
9,10,ΔΙΚΑΙΟΣΥΝΗΣ
9,10,ΥΜΩΝ
9,11,ΕΝ
9,11,ΠΑΝΤΙ
9,11,ΠΛΟΥΤΙΖΟΜΕΝΟΙ
9,11,ΕΙΣ
9,11,ΠΑΣΑΝ
9,11,ΑΠΛΟΤΗΤΑ
9,11,ΗΤΙΣ
9,11,ΚΑΤΕΡΓΑΖΕΤΑΙ
9,11,ΔΙΑ
9,11,ΗΜΩΝ
9,11,ΕΥΧΑΡΙΣΤΙΑΝ
9,11,ΤΩΙ
9,11,ΘΕΩΙ
9,12,ΟΤΙ
9,12,Η
9,12,ΔΙΑΚΟΝΙΑ
9,12,ΤΗΣ
9,12,ΛΕΙΤΟΥΡΓΙΑΣ
9,12,ΤΑΥΤΗΣ
9,12,ΟΥ
9,12,ΜΟΝΟΝ
9,12,ΕΣΤΙΝ
9,12,ΠΡΟΣΑΝΑΠΛΗΡΟΥΣΑ
9,12,ΤΑ
9,12,ΥΣΤΕΡΗΜΑΤΑ
9,12,ΤΩΝ
9,12,ΑΓΙΩΝ
9,12,ΑΛΛΑ
9,12,ΚΑΙ
9,12,ΠΕΡΙΣΣΕΥΟΥΣΑ
9,12,ΔΙΑ
9,12,ΠΟΛΛΩΝ
9,12,ΕΥΧΑΡΙΣΤΙΩΝ
9,12,ΤΩΙ
9,12,ΘΕΩΙ
9,13,ΔΙΑ
9,13,ΤΗΣ
9,13,ΔΟΚΙΜΗΣ
9,13,ΤΗΣ
9,13,ΔΙΑΚΟΝΙΑΣ
9,13,ΤΑΥΤΗΣ
9,13,ΔΟΞΑΖΟΝΤΕΣ
9,13,ΤΟΝ
9,13,ΘΕΟΝ
9,13,ΕΠΙ
9,13,ΤΗΙ
9,13,ΥΠΟΤΑΓΗΙ
9,13,ΤΗΣ
9,13,ΟΜΟΛΟΓΙΑΣ
9,13,ΥΜΩΝ
9,13,ΕΙΣ
9,13,ΤΟ
9,13,ΕΥΑΓΓΕΛΙΟΝ
9,13,ΤΟΥ
9,13,ΧΡΙΣΤΟΥ
9,13,ΚΑΙ
9,13,ΑΠΛΟΤΗΤΙ
9,13,ΤΗΣ
9,13,ΚΟΙΝΩΝΙΑΣ
9,13,ΕΙΣ
9,13,ΑΥΤΟΥΣ
9,13,ΚΑΙ
9,13,ΕΙΣ
9,13,ΠΑΝΤΑΣ
9,14,ΚΑΙ
9,14,ΑΥΤΩΝ
9,14,ΔΕΗΣΕΙ
9,14,ΥΠΕΡ
9,14,ΥΜΩΝ
9,14,ΕΠΙΠΟΘΟΥΝΤΩΝ
9,14,ΥΜΑΣ
9,14,ΔΙΑ
9,14,ΤΗΝ
9,14,ΥΠΕΡΒΑΛΛΟΥΣΑΝ
9,14,ΧΑΡΙΝ
9,14,ΤΟΥ
9,14,ΘΕΟΥ
9,14,ΕΠΙ
9,14,ΥΜΙΝ
9,15,ΧΑΡΙΣ
9,15,ΤΩΙ
9,15,ΘΕΩΙ
9,15,ΕΠΙ
9,15,ΤΗΙ
9,15,ΑΝΕΚΔΙΗΓΗΤΩΙ
9,15,ΑΥΤΟΥ
9,15,ΔΩΡΕΑΙ
10,1,ΑΥΤΟΣ
10,1,ΔΕ
10,1,ΕΓΩ
10,1,ΠΑΥΛΟΣ
10,1,ΠΑΡΑΚΑΛΩ
10,1,ΥΜΑΣ
10,1,ΔΙΑ
10,1,ΤΗΣ
10,1,ΠΡΑΥΤΗΤΟΣ
10,1,ΚΑΙ
10,1,ΕΠΙΕΙΚΕΙΑΣ
10,1,ΤΟΥ
10,1,ΧΡΙΣΤΟΥ
10,1,ΟΣ
10,1,ΚΑΤΑ
10,1,ΠΡΟΣΩΠΟΝ
10,1,ΜΕΝ
10,1,ΤΑΠΕΙΝΟΣ
10,1,ΕΝ
10,1,ΥΜΙΝ
10,1,ΑΠΩΝ
10,1,ΔΕ
10,1,ΘΑΡΡΩ
10,1,ΕΙΣ
10,1,ΥΜΑΣ
10,2,ΔΕΟΜΑΙ
10,2,ΔΕ
10,2,ΤΟ
10,2,ΜΗ
10,2,ΠΑΡΩΝ
10,2,ΘΑΡΡΗΣΑΙ
10,2,ΤΗΙ
10,2,ΠΕΠΟΙΘΗΣΕΙ
10,2,ΗΙ
10,2,ΛΟΓΙΖΟΜΑΙ
10,2,ΤΟΛΜΗΣΑΙ
10,2,ΕΠΙ
10,2,ΤΙΝΑΣ
10,2,ΤΟΥΣ
10,2,ΛΟΓΙΖΟΜΕΝΟΥΣ
10,2,ΗΜΑΣ
10,2,ΩΣ
10,2,ΚΑΤΑ
10,2,ΣΑΡΚΑ
10,2,ΠΕΡΙΠΑΤΟΥΝΤΑΣ
10,3,ΕΝ
10,3,ΣΑΡΚΙ
10,3,ΓΑΡ
10,3,ΠΕΡΙΠΑΤΟΥΝΤΕΣ
10,3,ΟΥ
10,3,ΚΑΤΑ
10,3,ΣΑΡΚΑ
10,3,ΣΤΡΑΤΕΥΟΜΕΘΑ
10,4,ΤΑ
10,4,ΓΑΡ
10,4,ΟΠΛΑ
10,4,ΤΗΣ
10,4,ΣΤΡΑΤΕΙΑΣ
10,4,ΗΜΩΝ
10,4,ΟΥ
10,4,ΣΑΡΚΙΚΑ
10,4,ΑΛΛΑ
10,4,ΔΥΝΑΤΑ
10,4,ΤΩΙ
10,4,ΘΕΩΙ
10,4,ΠΡΟΣ
10,4,ΚΑΘΑΙΡΕΣΙΝ
10,4,ΟΧΥΡΩΜΑΤΩΝ
10,4,ΛΟΓΙΣΜΟΥΣ
10,4,ΚΑΘΑΙΡΟΥΝΤΕΣ
10,5,ΚΑΙ
10,5,ΠΑΝ
10,5,ΥΨΩΜΑ
10,5,ΕΠΑΙΡΟΜΕΝΟΝ
10,5,ΚΑΤΑ
10,5,ΤΗΣ
10,5,ΓΝΩΣΕΩΣ
10,5,ΤΟΥ
10,5,ΘΕΟΥ
10,5,ΚΑΙ
10,5,ΑΙΧΜΑΛΩΤΙΖΟΝΤΕΣ
10,5,ΠΑΝ
10,5,ΝΟΗΜΑ
10,5,ΕΙΣ
10,5,ΤΗΝ
10,5,ΥΠΑΚΟΗΝ
10,5,ΤΟΥ
10,5,ΧΡΙΣΤΟΥ
10,6,ΚΑΙ
10,6,ΕΝ
10,6,ΕΤΟΙΜΩΙ
10,6,ΕΧΟΝΤΕΣ
10,6,ΕΚΔΙΚΗΣΑΙ
10,6,ΠΑΣΑΝ
10,6,ΠΑΡΑΚΟΗΝ
10,6,ΟΤΑΝ
10,6,ΠΛΗΡΩΘΗΙ
10,6,ΥΜΩΝ
10,6,Η
10,6,ΥΠΑΚΟΗ
10,7,ΤΑ
10,7,ΚΑΤΑ
10,7,ΠΡΟΣΩΠΟΝ
10,7,ΒΛΕΠΕΤΕ
10,7,ΕΙ
10,7,ΤΙΣ
10,7,ΠΕΠΟΙΘΕΝ
10,7,ΕΑΥΤΩΙ
10,7,ΧΡΙΣΤΟΥ
10,7,ΕΙΝΑΙ
10,7,ΤΟΥΤΟ
10,7,ΛΟΓΙΖΕΣΘΩ
10,7,ΠΑΛΙΝ
10,7,ΕΠΙ
10,7,ΕΑΥΤΟΥ
10,7,ΟΤΙ
10,7,ΚΑΘΩΣ
10,7,ΑΥΤΟΣ
10,7,ΧΡΙΣΤΟΥ
10,7,ΟΥΤΩΣ
10,7,ΚΑΙ
10,7,ΗΜΕΙΣ
10,8,ΕΑΝ
10,8,ΤΕ
10,8,ΓΑΡ
10,8,ΠΕΡΙΣΣΟΤΕΡΟΝ
10,8,ΤΙ
10,8,ΚΑΥΧΗΣΩΜΑΙ
10,8,ΠΕΡΙ
10,8,ΤΗΣ
10,8,ΕΞΟΥΣΙΑΣ
10,8,ΗΜΩΝ
10,8,ΗΣ
10,8,ΕΔΩΚΕΝ
10,8,Ο
10,8,ΚΥΡΙΟΣ
10,8,ΕΙΣ
10,8,ΟΙΚΟΔΟΜΗΝ
10,8,ΚΑΙ
10,8,ΟΥΚ
10,8,ΕΙΣ
10,8,ΚΑΘΑΙΡΕΣΙΝ
10,8,ΥΜΩΝ
10,8,ΟΥΚ
10,8,ΑΙΣΧΥΝΘΗΣΟΜΑΙ
10,9,ΙΝΑ
10,9,ΜΗ
10,9,ΔΟΞΩ
10,9,ΩΣ
10,9,ΑΝ
10,9,ΕΚΦΟΒΕΙΝ
10,9,ΥΜΑΣ
10,9,ΔΙΑ
10,9,ΤΩΝ
10,9,ΕΠΙΣΤΟΛΩΝ
10,10,ΟΤΙ
10,10,ΑΙ
10,10,ΕΠΙΣΤΟΛΑΙ
10,10,ΜΕΝ
10,10,ΦΗΣΙΝ
10,10,ΒΑΡΕΙΑΙ
10,10,ΚΑΙ
10,10,ΙΣΧΥΡΑΙ
10,10,Η
10,10,ΔΕ
10,10,ΠΑΡΟΥΣΙΑ
10,10,ΤΟΥ
10,10,ΣΩΜΑΤΟΣ
10,10,ΑΣΘΕΝΗΣ
10,10,ΚΑΙ
10,10,Ο
10,10,ΛΟΓΟΣ
10,10,ΕΞΟΥΘΕΝΗΜΕΝΟΣ
10,11,ΤΟΥΤΟ
10,11,ΛΟΓΙΖΕΣΘΩ
10,11,Ο
10,11,ΤΟΙΟΥΤΟΣ
10,11,ΟΤΙ
10,11,ΟΙΟΙ
10,11,ΕΣΜΕΝ
10,11,ΤΩΙ
10,11,ΛΟΓΩΙ
10,11,ΔΙΑ
10,11,ΕΠΙΣΤΟΛΩΝ
10,11,ΑΠΟΝΤΕΣ
10,11,ΤΟΙΟΥΤΟΙ
10,11,ΚΑΙ
10,11,ΠΑΡΟΝΤΕΣ
10,11,ΤΩΙ
10,11,ΕΡΓΩΙ
10,12,ΟΥ
10,12,ΓΑΡ
10,12,ΤΟΛΜΩΜΕΝ
10,12,ΕΝΚΡΙΝΑΙ
10,12,Η
10,12,ΣΥΝΚΡΙΝΑΙ
10,12,ΕΑΥΤΟΥΣ
10,12,ΤΙΣΙΝ
10,12,ΤΩΝ
10,12,ΕΑΥΤΟΥΣ
10,12,ΣΥΝΙΣΤΑΝΟΝΤΩΝ
10,12,ΑΛΛΑ
10,12,ΑΥΤΟΙ
10,12,ΕΝ
10,12,ΕΑΥΤΟΙΣ
10,12,ΕΑΥΤΟΥΣ
10,12,ΜΕΤΡΟΥΝΤΕΣ
10,12,ΚΑΙ
10,12,ΣΥΝΚΡΙΝΟΝΤΕΣ
10,12,ΕΑΥΤΟΥΣ
10,12,ΕΑΥΤΟΙΣ
10,12,ΟΥ
10,12,ΣΥΝΙΑΣΙΝ
10,13,ΗΜΕΙΣ
10,13,ΔΕ
10,13,ΟΥΚ
10,13,ΕΙΣ
10,13,ΤΑ
10,13,ΑΜΕΤΡΑ
10,13,ΚΑΥΧΗΣΟΜΕΘΑ
10,13,ΑΛΛΑ
10,13,ΚΑΤΑ
10,13,ΤΟ
10,13,ΜΕΤΡΟΝ
10,13,ΤΟΥ
10,13,ΚΑΝΟΝΟΣ
10,13,ΟΥ
10,13,ΕΜΕΡΙΣΕΝ
10,13,ΗΜΙΝ
10,13,Ο
10,13,ΘΕΟΣ
10,13,ΜΕΤΡΟΥ
10,13,ΕΦΙΚΕΣΘΑΙ
10,13,ΑΧΡΙ
10,13,ΚΑΙ
10,13,ΥΜΩΝ
10,14,ΟΥ
10,14,ΓΑΡ
10,14,ΩΣ
10,14,ΜΗ
10,14,ΕΦΙΚΝΟΥΜΕΝΟΙ
10,14,ΕΙΣ
10,14,ΥΜΑΣ
10,14,ΥΠΕΡΕΚΤΕΙΝΟΜΕΝ
10,14,ΕΑΥΤΟΥΣ
10,14,ΑΧΡΙ
10,14,ΓΑΡ
10,14,ΚΑΙ
10,14,ΥΜΩΝ
10,14,ΕΦΘΑΣΑΜΕΝ
10,14,ΕΝ
10,14,ΤΩΙ
10,14,ΕΥΑΓΓΕΛΙΩΙ
10,14,ΤΟΥ
10,14,ΧΡΙΣΤΟΥ
10,15,ΟΥΚ
10,15,ΕΙΣ
10,15,ΤΑ
10,15,ΑΜΕΤΡΑ
10,15,ΚΑΥΧΩΜΕΝΟΙ
10,15,ΕΝ
10,15,ΑΛΛΟΤΡΙΟΙΣ
10,15,ΚΟΠΟΙΣ
10,15,ΕΛΠΙΔΑ
10,15,ΔΕ
10,15,ΕΧΟΝΤΕΣ
10,15,ΑΥΞΑΝΟΜΕΝΗΣ
10,15,ΤΗΣ
10,15,ΠΙΣΤΕΩΣ
10,15,ΥΜΩΝ
10,15,ΕΝ
10,15,ΥΜΙΝ
10,15,ΜΕΓΑΛΥΝΘΗΝΑΙ
10,15,ΚΑΤΑ
10,15,ΤΟΝ
10,15,ΚΑΝΟΝΑ
10,15,ΗΜΩΝ
10,15,ΕΙΣ
10,15,ΠΕΡΙΣΣΕΙΑΝ
10,16,ΕΙΣ
10,16,ΤΑ
10,16,ΥΠΕΡΕΚΕΙΝΑ
10,16,ΥΜΩΝ
10,16,ΕΥΑΓΓΕΛΙΣΑΣΘΑΙ
10,16,ΟΥΚ
10,16,ΕΝ
10,16,ΑΛΛΟΤΡΙΩΙ
10,16,ΚΑΝΟΝΙ
10,16,ΕΙΣ
10,16,ΤΑ
10,16,ΕΤΟΙΜΑ
10,16,ΚΑΥΧΗΣΑΣΘΑΙ
10,17,Ο
10,17,ΔΕ
10,17,ΚΑΥΧΩΜΕΝΟΣ
10,17,ΕΝ
10,17,ΚΥΡΙΩΙ
10,17,ΚΑΥΧΑΣΘΩ
10,18,ΟΥ
10,18,ΓΑΡ
10,18,Ο
10,18,ΕΑΥΤΟΝ
10,18,ΣΥΝΙΣΤΑΝΩΝ
10,18,ΕΚΕΙΝΟΣ
10,18,ΕΣΤΙΝ
10,18,ΔΟΚΙΜΟΣ
10,18,ΑΛΛΑ
10,18,ΟΝ
10,18,Ο
10,18,ΚΥΡΙΟΣ
10,18,ΣΥΝΙΣΤΗΣΙΝ
11,1,ΟΦΕΛΟΝ
11,1,ΑΝΕΙΧΕΣΘΕ
11,1,ΜΟΥ
11,1,ΜΙΚΡΟΝ
11,1,ΤΙ
11,1,ΑΦΡΟΣΥΝΗΣ
11,1,ΑΛΛΑ
11,1,ΚΑΙ
11,1,ΑΝΕΧΕΣΘΕ
11,1,ΜΟΥ
11,2,ΖΗΛΩ
11,2,ΓΑΡ
11,2,ΥΜΑΣ
11,2,ΘΕΟΥ
11,2,ΖΗΛΩΙ
11,2,ΗΡΜΟΣΑΜΗΝ
11,2,ΓΑΡ
11,2,ΥΜΑΣ
11,2,ΕΝΙ
11,2,ΑΝΔΡΙ
11,2,ΠΑΡΘΕΝΟΝ
11,2,ΑΓΝΗΝ
11,2,ΠΑΡΑΣΤΗΣΑΙ
11,2,ΤΩΙ
11,2,ΧΡΙΣΤΩΙ
11,3,ΦΟΒΟΥΜΑΙ
11,3,ΔΕ
11,3,ΜΗ
11,3,ΠΩΣ
11,3,ΩΣ
11,3,Ο
11,3,ΟΦΙΣ
11,3,ΕΞΗΠΑΤΗΣΕΝ
11,3,ΕΥΑΝ
11,3,ΕΝ
11,3,ΤΗΙ
11,3,ΠΑΝΟΥΡΓΙΑΙ
11,3,ΑΥΤΟΥ
11,3,ΦΘΑΡΗΙ
11,3,ΤΑ
11,3,ΝΟΗΜΑΤΑ
11,3,ΥΜΩΝ
11,3,ΑΠΟ
11,3,ΤΗΣ
11,3,ΑΠΛΟΤΗΤΟΣ
11,3,ΚΑΙ
11,3,ΤΗΣ
11,3,ΑΓΝΟΤΗΤΟΣ
11,3,ΤΗΣ
11,3,ΕΙΣ
11,3,ΤΟΝ
11,3,ΧΡΙΣΤΟΝ
11,4,ΕΙ
11,4,ΜΕΝ
11,4,ΓΑΡ
11,4,Ο
11,4,ΕΡΧΟΜΕΝΟΣ
11,4,ΑΛΛΟΝ
11,4,ΙΗΣΟΥΝ
11,4,ΚΗΡΥΣΣΕΙ
11,4,ΟΝ
11,4,ΟΥΚ
11,4,ΕΚΗΡΥΞΑΜΕΝ
11,4,Η
11,4,ΠΝΕΥΜΑ
11,4,ΕΤΕΡΟΝ
11,4,ΛΑΜΒΑΝΕΤΕ
11,4,Ο
11,4,ΟΥΚ
11,4,ΕΛΑΒΕΤΕ
11,4,Η
11,4,ΕΥΑΓΓΕΛΙΟΝ
11,4,ΕΤΕΡΟΝ
11,4,Ο
11,4,ΟΥΚ
11,4,ΕΔΕΞΑΣΘΕ
11,4,ΚΑΛΩΣ
11,4,ΑΝΕΧΕΣΘΕ
11,5,ΛΟΓΙΖΟΜΑΙ
11,5,ΓΑΡ
11,5,ΜΗΔΕΝ
11,5,ΥΣΤΕΡΗΚΕΝΑΙ
11,5,ΤΩΝ
11,5,ΥΠΕΡ
11,5,ΛΙΑΝ
11,5,ΑΠΟΣΤΟΛΩΝ
11,6,ΕΙ
11,6,ΔΕ
11,6,ΚΑΙ
11,6,ΙΔΙΩΤΗΣ
11,6,ΤΩΙ
11,6,ΛΟΓΩΙ
11,6,ΑΛΛΑ
11,6,ΟΥ
11,6,ΤΗΙ
11,6,ΓΝΩΣΕΙ
11,6,ΑΛΛΑ
11,6,ΕΝ
11,6,ΠΑΝΤΙ
11,6,ΦΑΝΕΡΩΣΑΝΤΕΣ
11,6,ΕΝ
11,6,ΠΑΣΙΝ
11,6,ΕΙΣ
11,6,ΥΜΑΣ
11,7,Η
11,7,ΑΜΑΡΤΙΑΝ
11,7,ΕΠΟΙΗΣΑ
11,7,ΕΜΑΥΤΟΝ
11,7,ΤΑΠΕΙΝΩΝ
11,7,ΙΝΑ
11,7,ΥΜΕΙΣ
11,7,ΥΨΩΘΗΤΕ
11,7,ΟΤΙ
11,7,ΔΩΡΕΑΝ
11,7,ΤΟ
11,7,ΤΟΥ
11,7,ΘΕΟΥ
11,7,ΕΥΑΓΓΕΛΙΟΝ
11,7,ΕΥΗΓΓΕΛΙΣΑΜΗΝ
11,7,ΥΜΙΝ
11,8,ΑΛΛΑΣ
11,8,ΕΚΚΛΗΣΙΑΣ
11,8,ΕΣΥΛΗΣΑ
11,8,ΛΑΒΩΝ
11,8,ΟΨΩΝΙΟΝ
11,8,ΠΡΟΣ
11,8,ΤΗΝ
11,8,ΥΜΩΝ
11,8,ΔΙΑΚΟΝΙΑΝ
11,9,ΚΑΙ
11,9,ΠΑΡΩΝ
11,9,ΠΡΟΣ
11,9,ΥΜΑΣ
11,9,ΚΑΙ
11,9,ΥΣΤΕΡΗΘΕΙΣ
11,9,ΟΥ
11,9,ΚΑΤΕΝΑΡΚΗΣΑ
11,9,ΟΥΘΕΝΟΣ
11,9,ΤΟ
11,9,ΓΑΡ
11,9,ΥΣΤΕΡΗΜΑ
11,9,ΜΟΥ
11,9,ΠΡΟΣΑΝΕΠΛΗΡΩΣΑΝ
11,9,ΟΙ
11,9,ΑΔΕΛΦΟΙ
11,9,ΕΛΘΟΝΤΕΣ
11,9,ΑΠΟ
11,9,ΜΑΚΕΔΟΝΙΑΣ
11,9,ΚΑΙ
11,9,ΕΝ
11,9,ΠΑΝΤΙ
11,9,ΑΒΑΡΗ
11,9,ΕΜΑΥΤΟΝ
11,9,ΥΜΙΝ
11,9,ΕΤΗΡΗΣΑ
11,9,ΚΑΙ
11,9,ΤΗΡΗΣΩ
11,10,ΕΣΤΙΝ
11,10,ΑΛΗΘΕΙΑ
11,10,ΧΡΙΣΤΟΥ
11,10,ΕΝ
11,10,ΕΜΟΙ
11,10,ΟΤΙ
11,10,Η
11,10,ΚΑΥΧΗΣΙΣ
11,10,ΑΥΤΗ
11,10,ΟΥ
11,10,ΦΡΑΓΗΣΕΤΑΙ
11,10,ΕΙΣ
11,10,ΕΜΕ
11,10,ΕΝ
11,10,ΤΟΙΣ
11,10,ΚΛΙΜΑΣΙ
11,10,ΤΗΣ
11,10,ΑΧΑΙΑΣ
11,11,ΔΙΑ
11,11,ΤΙ
11,11,ΟΤΙ
11,11,ΟΥΚ
11,11,ΑΓΑΠΩ
11,11,ΥΜΑΣ
11,11,Ο
11,11,ΘΕΟΣ
11,11,ΟΙΔΕΝ
11,12,Ο
11,12,ΔΕ
11,12,ΠΟΙΩ
11,12,ΚΑΙ
11,12,ΠΟΙΗΣΩ
11,12,ΙΝΑ
11,12,ΕΚΚΟΨΩ
11,12,ΤΗΝ
11,12,ΑΦΟΡΜΗΝ
11,12,ΤΩΝ
11,12,ΘΕΛΟΝΤΩΝ
11,12,ΑΦΟΡΜΗΝ
11,12,ΙΝΑ
11,12,ΕΝ
11,12,ΩΙ
11,12,ΚΑΥΧΩΝΤΑΙ
11,12,ΕΥΡΕΘΩΣΙΝ
11,12,ΚΑΘΩΣ
11,12,ΚΑΙ
11,12,ΗΜΕΙΣ
11,13,ΟΙ
11,13,ΓΑΡ
11,13,ΤΟΙΟΥΤΟΙ
11,13,ΨΕΥΔΑΠΟΣΤΟΛΟΙ
11,13,ΕΡΓΑΤΑΙ
11,13,ΔΟΛΙΟΙ
11,13,ΜΕΤΑΣΧΗΜΑΤΙΖΟΜΕΝΟΙ
11,13,ΕΙΣ
11,13,ΑΠΟΣΤΟΛΟΥΣ
11,13,ΧΡΙΣΤΟΥ
11,14,ΚΑΙ
11,14,ΟΥ
11,14,ΘΑΥΜΑ
11,14,ΑΥΤΟΣ
11,14,ΓΑΡ
11,14,Ο
11,14,ΣΑΤΑΝΑΣ
11,14,ΜΕΤΑΣΧΗΜΑΤΙΖΕΤΑΙ
11,14,ΕΙΣ
11,14,ΑΓΓΕΛΟΝ
11,14,ΦΩΤΟΣ
11,15,ΟΥ
11,15,ΜΕΓΑ
11,15,ΟΥΝ
11,15,ΕΙ
11,15,ΚΑΙ
11,15,ΟΙ
11,15,ΔΙΑΚΟΝΟΙ
11,15,ΑΥΤΟΥ
11,15,ΜΕΤΑΣΧΗΜΑΤΙΖΟΝΤΑΙ
11,15,ΩΣ
11,15,ΔΙΑΚΟΝΟΙ
11,15,ΔΙΚΑΙΟΣΥΝΗΣ
11,15,ΩΝ
11,15,ΤΟ
11,15,ΤΕΛΟΣ
11,15,ΕΣΤΑΙ
11,15,ΚΑΤΑ
11,15,ΤΑ
11,15,ΕΡΓΑ
11,15,ΑΥΤΩΝ
11,16,ΠΑΛΙΝ
11,16,ΛΕΓΩ
11,16,ΜΗ
11,16,ΤΙΣ
11,16,ΜΕ
11,16,ΔΟΞΗΙ
11,16,ΑΦΡΟΝΑ
11,16,ΕΙΝΑΙ
11,16,ΕΙ
11,16,ΔΕ
11,16,ΜΗ
11,16,ΓΕ
11,16,ΚΑΝ
11,16,ΩΣ
11,16,ΑΦΡΟΝΑ
11,16,ΔΕΞΑΣΘΕ
11,16,ΜΕ
11,16,ΙΝΑ
11,16,ΚΑΓΩ
11,16,ΜΙΚΡΟΝ
11,16,ΤΙ
11,16,ΚΑΥΧΗΣΩΜΑΙ
11,17,Ο
11,17,ΛΑΛΩ
11,17,ΟΥ
11,17,ΚΑΤΑ
11,17,ΚΥΡΙΟΝ
11,17,ΛΑΛΩ
11,17,ΑΛΛΑ
11,17,ΩΣ
11,17,ΕΝ
11,17,ΑΦΡΟΣΥΝΗΙ
11,17,ΕΝ
11,17,ΤΑΥΤΗΙ
11,17,ΤΗΙ
11,17,ΥΠΟΣΤΑΣΕΙ
11,17,ΤΗΣ
11,17,ΚΑΥΧΗΣΕΩΣ
11,18,ΕΠΕΙ
11,18,ΠΟΛΛΟΙ
11,18,ΚΑΥΧΩΝΤΑΙ
11,18,ΚΑΤΑ
11,18,ΣΑΡΚΑ
11,18,ΚΑΓΩ
11,18,ΚΑΥΧΗΣΟΜΑΙ
11,19,ΗΔΕΩΣ
11,19,ΓΑΡ
11,19,ΑΝΕΧΕΣΘΕ
11,19,ΤΩΝ
11,19,ΑΦΡΟΝΩΝ
11,19,ΦΡΟΝΙΜΟΙ
11,19,ΟΝΤΕΣ
11,20,ΑΝΕΧΕΣΘΕ
11,20,ΓΑΡ
11,20,ΕΙ
11,20,ΤΙΣ
11,20,ΥΜΑΣ
11,20,ΚΑΤΑΔΟΥΛΟΙ
11,20,ΕΙ
11,20,ΤΙΣ
11,20,ΚΑΤΕΣΘΙΕΙ
11,20,ΕΙ
11,20,ΤΙΣ
11,20,ΛΑΜΒΑΝΕΙ
11,20,ΕΙ
11,20,ΤΙΣ
11,20,ΕΠΑΙΡΕΤΑΙ
11,20,ΕΙ
11,20,ΤΙΣ
11,20,ΕΙΣ
11,20,ΠΡΟΣΩΠΟΝ
11,20,ΥΜΑΣ
11,20,ΔΕΡΕΙ
11,21,ΚΑΤΑ
11,21,ΑΤΙΜΙΑΝ
11,21,ΛΕΓΩ
11,21,ΩΣ
11,21,ΟΤΙ
11,21,ΗΜΕΙΣ
11,21,ΗΣΘΕΝΗΚΑΜΕΝ
11,21,ΕΝ
11,21,ΩΙ
11,21,ΔΕ
11,21,ΑΝ
11,21,ΤΙΣ
11,21,ΤΟΛΜΑΙ
11,21,ΕΝ
11,21,ΑΦΡΟΣΥΝΗΙ
11,21,ΛΕΓΩ
11,21,ΤΟΛΜΩ
11,21,ΚΑΓΩ
11,22,ΕΒΡΑΙΟΙ
11,22,ΕΙΣΙΝ
11,22,ΚΑΓΩ
11,22,ΙΣΡΑΗΛΕΙΤΑΙ
11,22,ΕΙΣΙΝ
11,22,ΚΑΓΩ
11,22,ΣΠΕΡΜΑ
11,22,ΑΒΡΑΑΜ
11,22,ΕΙΣΙΝ
11,22,ΚΑΓΩ
11,23,ΔΙΑΚΟΝΟΙ
11,23,ΧΡΙΣΤΟΥ
11,23,ΕΙΣΙΝ
11,23,ΠΑΡΑΦΡΟΝΩΝ
11,23,ΛΑΛΩ
11,23,ΥΠΕΡ
11,23,ΕΓΩ
11,23,ΕΝ
11,23,ΚΟΠΟΙΣ
11,23,ΠΕΡΙΣΣΟΤΕΡΩΣ
11,23,ΕΝ
11,23,ΦΥΛΑΚΑΙΣ
11,23,ΠΕΡΙΣΣΟΤΕΡΩΣ
11,23,ΕΝ
11,23,ΠΛΗΓΑΙΣ
11,23,ΥΠΕΡΒΑΛΛΟΝΤΩΣ
11,23,ΕΝ
11,23,ΘΑΝΑΤΟΙΣ
11,23,ΠΟΛΛΑΚΙΣ
11,24,ΥΠΟ
11,24,ΙΟΥΔΑΙΩΝ
11,24,ΠΕΝΤΑΚΙΣ
11,24,ΤΕΣΣΕΡΑΚΟΝΤΑ
11,24,ΠΑΡΑ
11,24,ΜΙΑΝ
11,24,ΕΛΑΒΟΝ
11,25,ΤΡΙΣ
11,25,ΕΡΑΒΔΙΣΘΗΝ
11,25,ΑΠΑΞ
11,25,ΕΛΙΘΑΣΘΗΝ
11,25,ΤΡΙΣ
11,25,ΕΝΑΥΑΓΗΣΑ
11,25,ΝΥΧΘΗΜΕΡΟΝ
11,25,ΕΝ
11,25,ΤΩΙ
11,25,ΒΥΘΩΙ
11,25,ΠΕΠΟΙΗΚΑ
11,26,ΟΔΟΙΠΟΡΙΑΙΣ
11,26,ΠΟΛΛΑΚΙΣ
11,26,ΚΙΝΔΥΝΟΙΣ
11,26,ΠΟΤΑΜΩΝ
11,26,ΚΙΝΔΥΝΟΙΣ
11,26,ΛΗΙΣΤΩΝ
11,26,ΚΙΝΔΥΝΟΙΣ
11,26,ΕΚ
11,26,ΓΕΝΟΥΣ
11,26,ΚΙΝΔΥΝΟΙΣ
11,26,ΕΞ
11,26,ΕΘΝΩΝ
11,26,ΚΙΝΔΥΝΟΙΣ
11,26,ΕΝ
11,26,ΠΟΛΕΙ
11,26,ΚΙΝΔΥΝΟΙΣ
11,26,ΕΝ
11,26,ΕΡΗΜΙΑΙ
11,26,ΚΙΝΔΥΝΟΙΣ
11,26,ΕΝ
11,26,ΘΑΛΑΣΣΗΙ
11,26,ΚΙΝΔΥΝΟΙΣ
11,26,ΕΝ
11,26,ΨΕΥΔΑΔΕΛΦΟΙΣ
11,27,ΚΟΠΩΙ
11,27,ΚΑΙ
11,27,ΜΟΧΘΩΙ
11,27,ΕΝ
11,27,ΑΓΡΥΠΝΙΑΙΣ
11,27,ΠΟΛΛΑΚΙΣ
11,27,ΕΝ
11,27,ΛΙΜΩΙ
11,27,ΚΑΙ
11,27,ΔΙΨΕΙ
11,27,ΕΝ
11,27,ΝΗΣΤΕΙΑΙΣ
11,27,ΠΟΛΛΑΚΙΣ
11,27,ΕΝ
11,27,ΨΥΧΕΙ
11,27,ΚΑΙ
11,27,ΓΥΜΝΟΤΗΤΙ
11,28,ΧΩΡΙΣ
11,28,ΤΩΝ
11,28,ΠΑΡΕΚΤΟΣ
11,28,Η
11,28,ΕΠΙΣΤΑΣΙΣ
11,28,ΜΟΙ
11,28,Η
11,28,ΚΑΤΑ
11,28,ΗΜΕΡΑΝ
11,28,Η
11,28,ΜΕΡΙΜΝΑ
11,28,ΠΑΣΩΝ
11,28,ΤΩΝ
11,28,ΕΚΚΛΗΣΙΩΝ
11,29,ΤΙΣ
11,29,ΑΣΘΕΝΕΙ
11,29,ΚΑΙ
11,29,ΟΥΚ
11,29,ΑΣΘΕΝΩ
11,29,ΤΙΣ
11,29,ΣΚΑΝΔΑΛΙΖΕΤΑΙ
11,29,ΚΑΙ
11,29,ΟΥΚ
11,29,ΕΓΩ
11,29,ΠΥΡΟΥΜΑΙ
11,30,ΕΙ
11,30,ΚΑΥΧΑΣΘΑΙ
11,30,ΔΕΙ
11,30,ΤΑ
11,30,ΤΗΣ
11,30,ΑΣΘΕΝΕΙΑΣ
11,30,ΚΑΥΧΗΣΟΜΑΙ
11,31,Ο
11,31,ΘΕΟΣ
11,31,ΚΑΙ
11,31,ΠΑΤΗΡ
11,31,ΤΟΥ
11,31,ΚΥΡΙΟΥ
11,31,ΙΗΣΟΥ
11,31,ΟΙΔΕΝ
11,31,Ο
11,31,ΩΝ
11,31,ΕΥΛΟΓΗΤΟΣ
11,31,ΕΙΣ
11,31,ΤΟΥΣ
11,31,ΑΙΩΝΑΣ
11,31,ΟΤΙ
11,31,ΟΥ
11,31,ΨΕΥΔΟΜΑΙ
11,32,ΕΝ
11,32,ΔΑΜΑΣΚΩΙ
11,32,Ο
11,32,ΕΘΝΑΡΧΗΣ
11,32,ΑΡΕΤΑ
11,32,ΤΟΥ
11,32,ΒΑΣΙΛΕΩΣ
11,32,ΕΦΡΟΥΡΕΙ
11,32,ΤΗΝ
11,32,ΠΟΛΙΝ
11,32,ΔΑΜΑΣΚΗΝΩΝ
11,32,ΠΙΑΣΑΙ
11,32,ΜΕ
11,33,ΚΑΙ
11,33,ΔΙΑ
11,33,ΘΥΡΙΔΟΣ
11,33,ΕΝ
11,33,ΣΑΡΓΑΝΗΙ
11,33,ΕΧΑΛΑΣΘΗΝ
11,33,ΔΙΑ
11,33,ΤΟΥ
11,33,ΤΕΙΧΟΥΣ
11,33,ΚΑΙ
11,33,ΕΞΕΦΥΓΟΝ
11,33,ΤΑΣ
11,33,ΧΕΙΡΑΣ
11,33,ΑΥΤΟΥ
12,1,ΚΑΥΧΑΣΘΑΙ
12,1,ΔΕΙ
12,1,ΟΥ
12,1,ΣΥΜΦΕΡΟΝ
12,1,ΜΕΝ
12,1,ΕΛΕΥΣΟΜΑΙ
12,1,ΔΕ
12,1,ΕΙΣ
12,1,ΟΠΤΑΣΙΑΣ
12,1,ΚΑΙ
12,1,ΑΠΟΚΑΛΥΨΕΙΣ
12,1,ΚΥΡΙΟΥ
12,2,ΟΙΔΑ
12,2,ΑΝΘΡΩΠΟΝ
12,2,ΕΝ
12,2,ΧΡΙΣΤΩΙ
12,2,ΠΡΟ
12,2,ΕΤΩΝ
12,2,ΔΕΚΑΤΕΣΣΑΡΩΝ
12,2,ΕΙΤΕ
12,2,ΕΝ
12,2,ΣΩΜΑΤΙ
12,2,ΟΥΚ
12,2,ΟΙΔΑ
12,2,ΕΙΤΕ
12,2,ΕΚΤΟΣ
12,2,ΤΟΥ
12,2,ΣΩΜΑΤΟΣ
12,2,ΟΥΚ
12,2,ΟΙΔΑ
12,2,Ο
12,2,ΘΕΟΣ
12,2,ΟΙΔΕΝ
12,2,ΑΡΠΑΓΕΝΤΑ
12,2,ΤΟΝ
12,2,ΤΟΙΟΥΤΟΝ
12,2,ΕΩΣ
12,2,ΤΡΙΤΟΥ
12,2,ΟΥΡΑΝΟΥ
12,3,ΚΑΙ
12,3,ΟΙΔΑ
12,3,ΤΟΝ
12,3,ΤΟΙΟΥΤΟΝ
12,3,ΑΝΘΡΩΠΟΝ
12,3,ΕΙΤΕ
12,3,ΕΝ
12,3,ΣΩΜΑΤΙ
12,3,ΕΙΤΕ
12,3,ΧΩΡΙΣ
12,3,ΤΟΥ
12,3,ΣΩΜΑΤΟΣ
12,3,ΟΥΚ
12,3,ΟΙΔΑ
12,3,Ο
12,3,ΘΕΟΣ
12,3,ΟΙΔΕΝ
12,4,ΟΤΙ
12,4,ΗΡΠΑΓΗ
12,4,ΕΙΣ
12,4,ΤΟΝ
12,4,ΠΑΡΑΔΕΙΣΟΝ
12,4,ΚΑΙ
12,4,ΗΚΟΥΣΕΝ
12,4,ΑΡΡΗΤΑ
12,4,ΡΗΜΑΤΑ
12,4,Α
12,4,ΟΥΚ
12,4,ΕΞΟΝ
12,4,ΑΝΘΡΩΠΩΙ
12,4,ΛΑΛΗΣΑΙ
12,5,ΥΠΕΡ
12,5,ΤΟΥ
12,5,ΤΟΙΟΥΤΟΥ
12,5,ΚΑΥΧΗΣΟΜΑΙ
12,5,ΥΠΕΡ
12,5,ΔΕ
12,5,ΕΜΑΥΤΟΥ
12,5,ΟΥ
12,5,ΚΑΥΧΗΣΟΜΑΙ
12,5,ΕΙ
12,5,ΜΗ
12,5,ΕΝ
12,5,ΤΑΙΣ
12,5,ΑΣΘΕΝΕΙΑΙΣ
12,6,ΕΑΝ
12,6,ΓΑΡ
12,6,ΘΕΛΗΣΩ
12,6,ΚΑΥΧΗΣΑΣΘΑΙ
12,6,ΟΥΚ
12,6,ΕΣΟΜΑΙ
12,6,ΑΦΡΩΝ
12,6,ΑΛΗΘΕΙΑΝ
12,6,ΓΑΡ
12,6,ΕΡΩ
12,6,ΦΕΙΔΟΜΑΙ
12,6,ΔΕ
12,6,ΜΗ
12,6,ΤΙΣ
12,6,ΕΙΣ
12,6,ΕΜΕ
12,6,ΛΟΓΙΣΗΤΑΙ
12,6,ΥΠΕΡ
12,6,Ο
12,6,ΒΛΕΠΕΙ
12,6,ΜΕ
12,6,Η
12,6,ΑΚΟΥΕΙ
12,6,ΕΞ
12,6,ΕΜΟΥ
12,7,ΚΑΙ
12,7,ΤΗΙ
12,7,ΥΠΕΡΒΟΛΗΙ
12,7,ΤΩΝ
12,7,ΑΠΟΚΑΛΥΨΕΩΝ
12,7,ΔΙΟ
12,7,ΙΝΑ
12,7,ΜΗ
12,7,ΥΠΕΡΑΙΡΩΜΑΙ
12,7,ΕΔΟΘΗ
12,7,ΜΟΙ
12,7,ΣΚΟΛΟΨ
12,7,ΤΗΙ
12,7,ΣΑΡΚΙ
12,7,ΑΓΓΕΛΟΣ
12,7,ΣΑΤΑΝΑ
12,7,ΙΝΑ
12,7,ΜΕ
12,7,ΚΟΛΑΦΙΖΗΙ
12,7,ΙΝΑ
12,7,ΜΗ
12,7,ΥΠΕΡΑΙΡΩΜΑΙ
12,8,ΥΠΕΡ
12,8,ΤΟΥΤΟΥ
12,8,ΤΡΙΣ
12,8,ΤΟΝ
12,8,ΚΥΡΙΟΝ
12,8,ΠΑΡΕΚΑΛΕΣΑ
12,8,ΙΝΑ
12,8,ΑΠΟΣΤΗΙ
12,8,ΑΠΟ
12,8,ΕΜΟΥ
12,9,ΚΑΙ
12,9,ΕΙΡΗΚΕΝ
12,9,ΜΟΙ
12,9,ΑΡΚΕΙ
12,9,ΣΟΙ
12,9,Η
12,9,ΧΑΡΙΣ
12,9,ΜΟΥ
12,9,Η
12,9,ΓΑΡ
12,9,ΔΥΝΑΜΙΣ
12,9,ΕΝ
12,9,ΑΣΘΕΝΕΙΑΙ
12,9,ΤΕΛΕΙΤΑΙ
12,9,ΗΔΙΣΤΑ
12,9,ΟΥΝ
12,9,ΜΑΛΛΟΝ
12,9,ΚΑΥΧΗΣΟΜΑΙ
12,9,ΕΝ
12,9,ΤΑΙΣ
12,9,ΑΣΘΕΝΕΙΑΙΣ
12,9,ΜΟΥ
12,9,ΙΝΑ
12,9,ΕΠΙΣΚΗΝΩΣΗΙ
12,9,ΕΠΙ
12,9,ΕΜΕ
12,9,Η
12,9,ΔΥΝΑΜΙΣ
12,9,ΤΟΥ
12,9,ΧΡΙΣΤΟΥ
12,10,ΔΙΟ
12,10,ΕΥΔΟΚΩ
12,10,ΕΝ
12,10,ΑΣΘΕΝΕΙΑΙΣ
12,10,ΕΝ
12,10,ΥΒΡΕΣΙΝ
12,10,ΕΝ
12,10,ΑΝΑΓΚΑΙΣ
12,10,ΕΝ
12,10,ΔΙΩΓΜΟΙΣ
12,10,ΚΑΙ
12,10,ΣΤΕΝΟΧΩΡΙΑΙΣ
12,10,ΥΠΕΡ
12,10,ΧΡΙΣΤΟΥ
12,10,ΟΤΑΝ
12,10,ΓΑΡ
12,10,ΑΣΘΕΝΩ
12,10,ΤΟΤΕ
12,10,ΔΥΝΑΤΟΣ
12,10,ΕΙΜΙ
12,11,ΓΕΓΟΝΑ
12,11,ΑΦΡΩΝ
12,11,ΥΜΕΙΣ
12,11,ΜΕ
12,11,ΗΝΑΓΚΑΣΑΤΕ
12,11,ΕΓΩ
12,11,ΓΑΡ
12,11,ΩΦΕΙΛΟΝ
12,11,ΥΠΟ
12,11,ΥΜΩΝ
12,11,ΣΥΝΙΣΤΑΣΘΑΙ
12,11,ΟΥΔΕΝ
12,11,ΓΑΡ
12,11,ΥΣΤΕΡΗΣΑ
12,11,ΤΩΝ
12,11,ΥΠΕΡ
12,11,ΛΙΑΝ
12,11,ΑΠΟΣΤΟΛΩΝ
12,11,ΕΙ
12,11,ΚΑΙ
12,11,ΟΥΔΕΝ
12,11,ΕΙΜΙ
12,12,ΤΑ
12,12,ΜΕΝ
12,12,ΣΗΜΕΙΑ
12,12,ΤΟΥ
12,12,ΑΠΟΣΤΟΛΟΥ
12,12,ΚΑΤΕΙΡΓΑΣΘΗ
12,12,ΕΝ
12,12,ΥΜΙΝ
12,12,ΕΝ
12,12,ΠΑΣΗΙ
12,12,ΥΠΟΜΟΝΗΙ
12,12,ΣΗΜΕΙΟΙΣ
12,12,ΤΕ
12,12,ΚΑΙ
12,12,ΤΕΡΑΣΙΝ
12,12,ΚΑΙ
12,12,ΔΥΝΑΜΕΣΙΝ
12,13,ΤΙ
12,13,ΓΑΡ
12,13,ΕΣΤΙΝ
12,13,Ο
12,13,ΗΣΣΩΘΗΤΕ
12,13,ΥΠΕΡ
12,13,ΤΑΣ
12,13,ΛΟΙΠΑΣ
12,13,ΕΚΚΛΗΣΙΑΣ
12,13,ΕΙ
12,13,ΜΗ
12,13,ΟΤΙ
12,13,ΑΥΤΟΣ
12,13,ΕΓΩ
12,13,ΟΥ
12,13,ΚΑΤΕΝΑΡΚΗΣΑ
12,13,ΥΜΩΝ
12,13,ΧΑΡΙΣΑΣΘΕ
12,13,ΜΟΙ
12,13,ΤΗΝ
12,13,ΑΔΙΚΙΑΝ
12,13,ΤΑΥΤΗΝ
12,14,ΙΔΟΥ
12,14,ΤΡΙΤΟΝ
12,14,ΤΟΥΤΟ
12,14,ΕΤΟΙΜΩΣ
12,14,ΕΧΩ
12,14,ΕΛΘΕΙΝ
12,14,ΠΡΟΣ
12,14,ΥΜΑΣ
12,14,ΚΑΙ
12,14,ΟΥ
12,14,ΚΑΤΑΝΑΡΚΗΣΩ
12,14,ΟΥ
12,14,ΓΑΡ
12,14,ΖΗΤΩ
12,14,ΤΑ
12,14,ΥΜΩΝ
12,14,ΑΛΛΑ
12,14,ΥΜΑΣ
12,14,ΟΥ
12,14,ΓΑΡ
12,14,ΟΦΕΙΛΕΙ
12,14,ΤΑ
12,14,ΤΕΚΝΑ
12,14,ΤΟΙΣ
12,14,ΓΟΝΕΥΣΙΝ
12,14,ΘΗΣΑΥΡΙΖΕΙΝ
12,14,ΑΛΛΑ
12,14,ΟΙ
12,14,ΓΟΝΕΙΣ
12,14,ΤΟΙΣ
12,14,ΤΕΚΝΟΙΣ
12,15,ΕΓΩ
12,15,ΔΕ
12,15,ΗΔΙΣΤΑ
12,15,ΔΑΠΑΝΗΣΩ
12,15,ΚΑΙ
12,15,ΕΚΔΑΠΑΝΗΘΗΣΟΜΑΙ
12,15,ΥΠΕΡ
12,15,ΤΩΝ
12,15,ΨΥΧΩΝ
12,15,ΥΜΩΝ
12,15,ΕΙ
12,15,ΠΕΡΙΣΣΟΤΕΡΩΣ
12,15,ΥΜΑΣ
12,15,ΑΓΑΠΩΝ
12,15,ΗΣΣΟΝ
12,15,ΑΓΑΠΩΜΑΙ
12,16,ΕΣΤΩ
12,16,ΔΕ
12,16,ΕΓΩ
12,16,ΟΥ
12,16,ΚΑΤΕΒΑΡΗΣΑ
12,16,ΥΜΑΣ
12,16,ΑΛΛΑ
12,16,ΥΠΑΡΧΩΝ
12,16,ΠΑΝΟΥΡΓΟΣ
12,16,ΔΟΛΩΙ
12,16,ΥΜΑΣ
12,16,ΕΛΑΒΟΝ
12,17,ΜΗ
12,17,ΤΙΝΑ
12,17,ΩΝ
12,17,ΑΠΕΣΤΑΛΚΑ
12,17,ΠΡΟΣ
12,17,ΥΜΑΣ
12,17,ΔΙΑ
12,17,ΑΥΤΟΥ
12,17,ΕΠΛΕΟΝΕΚΤΗΣΑ
12,17,ΥΜΑΣ
12,18,ΠΑΡΕΚΑΛΕΣΑ
12,18,ΤΙΤΟΝ
12,18,ΚΑΙ
12,18,ΣΥΝΑΠΕΣΤΕΙΛΑ
12,18,ΤΟΝ
12,18,ΑΔΕΛΦΟΝ
12,18,ΜΗΤΙ
12,18,ΕΠΛΕΟΝΕΚΤΗΣΕΝ
12,18,ΥΜΑΣ
12,18,ΤΙΤΟΣ
12,18,ΟΥ
12,18,ΤΩΙ
12,18,ΑΥΤΩΙ
12,18,ΠΝΕΥΜΑΤΙ
12,18,ΠΕΡΙΕΠΑΤΗΣΑΜΕΝ
12,18,ΟΥ
12,18,ΤΟΙΣ
12,18,ΑΥΤΟΙΣ
12,18,ΙΧΝΕΣΙΝ
12,19,ΠΑΛΑΙ
12,19,ΔΟΚΕΙΤΕ
12,19,ΟΤΙ
12,19,ΥΜΙΝ
12,19,ΑΠΟΛΟΓΟΥΜΕΘΑ
12,19,ΚΑΤΕΝΑΝΤΙ
12,19,ΘΕΟΥ
12,19,ΕΝ
12,19,ΧΡΙΣΤΩΙ
12,19,ΛΑΛΟΥΜΕΝ
12,19,ΤΑ
12,19,ΔΕ
12,19,ΠΑΝΤΑ
12,19,ΑΓΑΠΗΤΟΙ
12,19,ΥΠΕΡ
12,19,ΤΗΣ
12,19,ΥΜΩΝ
12,19,ΟΙΚΟΔΟΜΗΣ
12,20,ΦΟΒΟΥΜΑΙ
12,20,ΓΑΡ
12,20,ΜΗ
12,20,ΠΩΣ
12,20,ΕΛΘΩΝ
12,20,ΟΥΧ
12,20,ΟΙΟΥΣ
12,20,ΘΕΛΩ
12,20,ΕΥΡΩ
12,20,ΥΜΑΣ
12,20,ΚΑΓΩ
12,20,ΕΥΡΕΘΩ
12,20,ΥΜΙΝ
12,20,ΟΙΟΝ
12,20,ΟΥ
12,20,ΘΕΛΕΤΕ
12,20,ΜΗ
12,20,ΠΩΣ
12,20,ΕΡΙΣ
12,20,ΖΗΛΟΣ
12,20,ΘΥΜΟΙ
12,20,ΕΡΙΘΕΙΑΙ
12,20,ΚΑΤΑΛΑΛΙΑΙ
12,20,ΨΙΘΥΡΙΣΜΟΙ
12,20,ΦΥΣΙΩΣΕΙΣ
12,20,ΑΚΑΤΑΣΤΑΣΙΑΙ
12,21,ΜΗ
12,21,ΠΑΛΙΝ
12,21,ΕΛΘΟΝΤΟΣ
12,21,ΜΟΥ
12,21,ΤΑΠΕΙΝΩΣΗΙ
12,21,ΜΕ
12,21,Ο
12,21,ΘΕΟΣ
12,21,ΜΟΥ
12,21,ΠΡΟΣ
12,21,ΥΜΑΣ
12,21,ΚΑΙ
12,21,ΠΕΝΘΗΣΩ
12,21,ΠΟΛΛΟΥΣ
12,21,ΤΩΝ
12,21,ΠΡΟΗΜΑΡΤΗΚΟΤΩΝ
12,21,ΚΑΙ
12,21,ΜΗ
12,21,ΜΕΤΑΝΟΗΣΑΝΤΩΝ
12,21,ΕΠΙ
12,21,ΤΗΙ
12,21,ΑΚΑΘΑΡΣΙΑΙ
12,21,ΚΑΙ
12,21,ΠΟΡΝΕΙΑΙ
12,21,ΚΑΙ
12,21,ΑΣΕΛΓΕΙΑΙ
12,21,ΗΙ
12,21,ΕΠΡΑΞΑΝ
13,1,ΤΡΙΤΟΝ
13,1,ΤΟΥΤΟ
13,1,ΕΡΧΟΜΑΙ
13,1,ΠΡΟΣ
13,1,ΥΜΑΣ
13,1,ΕΠΙ
13,1,ΣΤΟΜΑΤΟΣ
13,1,ΔΥΟ
13,1,ΜΑΡΤΥΡΩΝ
13,1,ΚΑΙ
13,1,ΤΡΙΩΝ
13,1,ΣΤΑΘΗΣΕΤΑΙ
13,1,ΠΑΝ
13,1,ΡΗΜΑ
13,2,ΠΡΟΕΙΡΗΚΑ
13,2,ΚΑΙ
13,2,ΠΡΟΛΕΓΩ
13,2,ΩΣ
13,2,ΠΑΡΩΝ
13,2,ΤΟ
13,2,ΔΕΥΤΕΡΟΝ
13,2,ΚΑΙ
13,2,ΑΠΩΝ
13,2,ΝΥΝ
13,2,ΤΟΙΣ
13,2,ΠΡΟΗΜΑΡΤΗΚΟΣΙΝ
13,2,ΚΑΙ
13,2,ΤΟΙΣ
13,2,ΛΟΙΠΟΙΣ
13,2,ΠΑΣΙΝ
13,2,ΟΤΙ
13,2,ΕΑΝ
13,2,ΕΛΘΩ
13,2,ΕΙΣ
13,2,ΤΟ
13,2,ΠΑΛΙΝ
13,2,ΟΥ
13,2,ΦΕΙΣΟΜΑΙ
13,3,ΕΠΕΙ
13,3,ΔΟΚΙΜΗΝ
13,3,ΖΗΤΕΙΤΕ
13,3,ΤΟΥ
13,3,ΕΝ
13,3,ΕΜΟΙ
13,3,ΛΑΛΟΥΝΤΟΣ
13,3,ΧΡΙΣΤΟΥ
13,3,ΟΣ
13,3,ΕΙΣ
13,3,ΥΜΑΣ
13,3,ΟΥΚ
13,3,ΑΣΘΕΝΕΙ
13,3,ΑΛΛΑ
13,3,ΔΥΝΑΤΕΙ
13,3,ΕΝ
13,3,ΥΜΙΝ
13,4,ΚΑΙ
13,4,ΓΑΡ
13,4,ΕΣΤΑΥΡΩΘΗ
13,4,ΕΞ
13,4,ΑΣΘΕΝΕΙΑΣ
13,4,ΑΛΛΑ
13,4,ΖΗΙ
13,4,ΕΚ
13,4,ΔΥΝΑΜΕΩΣ
13,4,ΘΕΟΥ
13,4,ΚΑΙ
13,4,ΓΑΡ
13,4,ΗΜΕΙΣ
13,4,ΑΣΘΕΝΟΥΜΕΝ
13,4,ΕΝ
13,4,ΑΥΤΩΙ
13,4,ΑΛΛΑ
13,4,ΖΗΣΟΜΕΝ
13,4,ΣΥΝ
13,4,ΑΥΤΩΙ
13,4,ΕΚ
13,4,ΔΥΝΑΜΕΩΣ
13,4,ΘΕΟΥ
13,4,ΕΙΣ
13,4,ΥΜΑΣ
13,5,ΕΑΥΤΟΥΣ
13,5,ΠΕΙΡΑΖΕΤΕ
13,5,ΕΙ
13,5,ΕΣΤΕ
13,5,ΕΝ
13,5,ΤΗΙ
13,5,ΠΙΣΤΕΙ
13,5,ΕΑΥΤΟΥΣ
13,5,ΔΟΚΙΜΑΖΕΤΕ
13,5,Η
13,5,ΟΥΚ
13,5,ΕΠΙΓΙΝΩΣΚΕΤΕ
13,5,ΕΑΥΤΟΥΣ
13,5,ΟΤΙ
13,5,ΙΗΣΟΥΣ
13,5,ΧΡΙΣΤΟΣ
13,5,ΕΝ
13,5,ΥΜΙΝ
13,5,ΕΙ
13,5,ΜΗΤΙ
13,5,ΑΔΟΚΙΜΟΙ
13,5,ΕΣΤΕ
13,6,ΕΛΠΙΖΩ
13,6,ΔΕ
13,6,ΟΤΙ
13,6,ΓΝΩΣΕΣΘΕ
13,6,ΟΤΙ
13,6,ΗΜΕΙΣ
13,6,ΟΥΚ
13,6,ΕΣΜΕΝ
13,6,ΑΔΟΚΙΜΟΙ
13,7,ΕΥΧΟΜΕΘΑ
13,7,ΔΕ
13,7,ΠΡΟΣ
13,7,ΤΟΝ
13,7,ΘΕΟΝ
13,7,ΜΗ
13,7,ΠΟΙΗΣΑΙ
13,7,ΥΜΑΣ
13,7,ΚΑΚΟΝ
13,7,ΜΗΔΕΝ
13,7,ΟΥΧ
13,7,ΙΝΑ
13,7,ΗΜΕΙΣ
13,7,ΔΟΚΙΜΟΙ
13,7,ΦΑΝΩΜΕΝ
13,7,ΑΛΛΑ
13,7,ΙΝΑ
13,7,ΥΜΕΙΣ
13,7,ΤΟ
13,7,ΚΑΛΟΝ
13,7,ΠΟΙΗΤΕ
13,7,ΗΜΕΙΣ
13,7,ΔΕ
13,7,ΩΣ
13,7,ΑΔΟΚΙΜΟΙ
13,7,ΩΜΕΝ
13,8,ΟΥ
13,8,ΓΑΡ
13,8,ΔΥΝΑΜΕΘΑ
13,8,ΤΙ
13,8,ΚΑΤΑ
13,8,ΤΗΣ
13,8,ΑΛΗΘΕΙΑΣ
13,8,ΑΛΛΑ
13,8,ΥΠΕΡ
13,8,ΤΗΣ
13,8,ΑΛΗΘΕΙΑΣ
13,9,ΧΑΙΡΟΜΕΝ
13,9,ΓΑΡ
13,9,ΟΤΑΝ
13,9,ΗΜΕΙΣ
13,9,ΑΣΘΕΝΩΜΕΝ
13,9,ΥΜΕΙΣ
13,9,ΔΕ
13,9,ΔΥΝΑΤΟΙ
13,9,ΗΤΕ
13,9,ΤΟΥΤΟ
13,9,ΚΑΙ
13,9,ΕΥΧΟΜΕΘΑ
13,9,ΤΗΝ
13,9,ΥΜΩΝ
13,9,ΚΑΤΑΡΤΙΣΙΝ
13,10,ΔΙΑ
13,10,ΤΟΥΤΟ
13,10,ΤΑΥΤΑ
13,10,ΑΠΩΝ
13,10,ΓΡΑΦΩ
13,10,ΙΝΑ
13,10,ΠΑΡΩΝ
13,10,ΜΗ
13,10,ΑΠΟΤΟΜΩΣ
13,10,ΧΡΗΣΩΜΑΙ
13,10,ΚΑΤΑ
13,10,ΤΗΝ
13,10,ΕΞΟΥΣΙΑΝ
13,10,ΗΝ
13,10,Ο
13,10,ΚΥΡΙΟΣ
13,10,ΕΔΩΚΕΝ
13,10,ΜΟΙ
13,10,ΕΙΣ
13,10,ΟΙΚΟΔΟΜΗΝ
13,10,ΚΑΙ
13,10,ΟΥΚ
13,10,ΕΙΣ
13,10,ΚΑΘΑΙΡΕΣΙΝ
13,11,ΛΟΙΠΟΝ
13,11,ΑΔΕΛΦΟΙ
13,11,ΧΑΙΡΕΤΕ
13,11,ΚΑΤΑΡΤΙΖΕΣΘΕ
13,11,ΠΑΡΑΚΑΛΕΙΣΘΕ
13,11,ΤΟ
13,11,ΑΥΤΟ
13,11,ΦΡΟΝΕΙΤΕ
13,11,ΕΙΡΗΝΕΥΕΤΕ
13,11,ΚΑΙ
13,11,Ο
13,11,ΘΕΟΣ
13,11,ΤΗΣ
13,11,ΑΓΑΠΗΣ
13,11,ΚΑΙ
13,11,ΕΙΡΗΝΗΣ
13,11,ΕΣΤΑΙ
13,11,ΜΕΤΑ
13,11,ΥΜΩΝ
13,12,ΑΣΠΑΣΑΣΘΕ
13,12,ΑΛΛΗΛΟΥΣ
13,12,ΕΝ
13,12,ΑΓΙΩΙ
13,12,ΦΙΛΗΜΑΤΙ
13,12,ΑΣΠΑΖΟΝΤΑΙ
13,12,ΥΜΑΣ
13,12,ΟΙ
13,12,ΑΓΙΟΙ
13,12,ΠΑΝΤΕΣ
13,13,Η
13,13,ΧΑΡΙΣ
13,13,ΤΟΥ
13,13,ΚΥΡΙΟΥ
13,13,ΙΗΣΟΥ
13,13,ΧΡΙΣΤΟΥ
13,13,ΚΑΙ
13,13,Η
13,13,ΑΓΑΠΗ
13,13,ΤΟΥ
13,13,ΘΕΟΥ
13,13,ΚΑΙ
13,13,Η
13,13,ΚΟΙΝΩΝΙΑ
13,13,ΤΟΥ
13,13,ΑΓΙΟΥ
13,13,ΠΝΕΥΜΑΤΟΣ
13,13,ΜΕΤΑ
13,13,ΠΑΝΤΩΝ
13,13,ΥΜΩΝ
